model/noisy_data_m0v1.grd
DSAA
101 101 
0 4000
0 4000
-7.523785e+00 6.848002e+01
[rows 58 to 86 of 101, columns 0 to 64 of 101]
-4.43546 -6.65825 -3.8879 -4.10767 -5.79699 -3.39058 -3.72548 -3.49589 -3.05901 -2.57128 -0.941448 0.0400525 1.01328 1.37337 4.38157 7.25769 13.3642 15.9329 20.715 23.8547 28.9913 33.9865 40.4668 42.4351 50.1386 51.7999 55.9675 58.3317 59.3383 58.6249 60.8599 62.166 60.8777 62.4274 62.8232 62.0682 61.2505 60.0665 57.0894 54.5505 52.7475 48.9304 47.0268 43.6138 38.4937 33.8865 31.7801 28.2649 25.6008 23.3305 24.4486 24.1168 24.1558 24.0448 28.9614 31.8173 31.9343 38.0512 36.865 39.1434 40.8386 39.675 33.8793 34.6295 32.954
-6.07034 -6.88004 -4.44108 -3.27784 -5.50829 -4.63359 -4.50544 -2.98061 -3.22825 -2.59881 -0.289455 -0.572498 2.05834 2.48202 3.49773 8.99354 10.5375 14.7446 17.4184 23.337 27.7127 33.0706 37.2276 41.3131 43.9034 48.2554 51.522 53.5451 55.2277 54.4086 56.8687 58.5294 57.5058 58.2636 58.2739 56.0718 55.462 56.6836 54.3309 49.9913 48.3319 46.0092 42.6494 40.3154 36.2376 34.3851 29.7065 24.8393 23.9321 22.8985 21.5362 22.8372 23.549 25.866 25.3474 30.571 31.4869 35.6865 36.8628 38.0694 37.8858 36.684 34.6255 32.8332 31.6942
-2.7124 -3.28592 -3.40265 -3.75175 -5.49407 -2.93669 -3.8752 -3.62725 -4.91509 -1.47579 -2.00535 -0.330826 -1.30883 2.67842 3.47972 8.07528 8.30966 13.9226 17.4255 21.2285 25.186 29.737 33.9065 38.1948 41.2366 43.3622 46.3046 48.8552 49.9813 52.1768 52.8061 52.6669 54.4087 53.613 53.115 53.2964 52.5622 51.4154 49.194 48.2354 45.5388 41.9453 39.1922 36.0678 32.4904 29.5005 26.7765 23.898 23.2307 20.0871 21.0254 19.6183 21.298 23.8782 27.0119 27.6471 31.079 34.208 35.5461 36.7785 37.5159 34.0687 34.9971 33.4462 29.9835
-5.07747 -6.56339 -3.91886 -2.55657 -4.53545 -4.34192 -4.97446 -4.78888 -5.2398 -1.87594 -3.49183 -3.18997 -0.528018 2.69042 3.25046 5.39993 9.13343 11.8972 14.8899 20.5062 20.9189 27.9688 29.9129 34.2197 35.7034 37.2617 39.581 43.9506 43.8621 45.6054 46.9944 49.0822 48.52 46.6724 48.5885 48.9034 47.6014 45.3744 43.279 44.0743 42.0595 39.0818 36.5515 31.2335 29.6742 25.9038 24.0328 20.5319 20.247 19.4305 17.545 19.194 21.3351 22.574 26.1709 26.6199 30.8362 31.2275 32.0899 35.1129 35.2072 35.1752 34.1912 28.6949 26.064
-4.17815 -3.72814 -3.07276 -3.57594 -6.11208 -4.31031 -4.61708 -2.65795 -2.99517 -1.61672 -2.31574 -0.735844 -0.750585 0.414934 1.46603 4.43382 6.54258 8.85985 11.7861 16.3781 19.457 22.7994 25.7342 29.1388 31.2303 34.1655 35.3162 36.8206 39.9776 40.1775 41.0108 40.5651 42.5507 41.9445 40.9647 40.8119 40.8105 39.5814 36.6852 37.3343 34.8506 33.0193 30.9162 27.9868 24.361 25.7922 22.2358 20.0499 16.7585 17.2982 17.1838 17.7746 20.8919 20.4037 23.8404 26.6731 28.8277 30.62 32.5821 33.5431 33.6244 33.8975 31.8548 29.271 26.3782
-4.71262 -3.2664 -5.10736 -3.98304 -4.65699 -4.41635 -2.8926 -3.40089 -4.47561 -3.55322 -3.4269 -2.26139 -0.417225 0.387245 1.13725 6.11094 6.38153 7.95124 10.324 13.6587 16.4294 17.2789 21.5047 24.0326 27.5055 28.9291 32.6335 32.8682 34.2038 33.7506 36.3735 35.2868 34.6378 34.375 33.8336 35.1215 33.4258 32.831 32.8656 30.2737 30.0119 26.7229 26.3929 24.5097 22.172 19.6934 18.6051 16.927 17.0152 16.1476 14.9278 16.3616 18.7111 19.9013 22.5607 27.1812 25.2298 31.411 31.7297 32.9873 34.4033 31.3153 30.1896 27.4448 27.6081
-4.52156 -3.63241 -3.89696 -4.35166 -2.91212 -3.74361 -4.74401 -6.07348 -3.80964 -3.01498 -3.19988 -2.9209 -1.46983 1.12124 -0.0726017 1.35633 3.75602 6.47546 8.27689 9.62128 15.2799 13.965 18.631 20.1528 21.2221 24.5325 24.4493 26.7908 27.3265 27.3853 27.7129 30.2601 28.4089 29.4173 29.5889 28.2253 30.4105 26.1027 26.0163 25.6178 23.8438 22.4298 20.9059 19.858 19.5451 15.3794 15.7524 13.9236 14.0396 14.0645 15.7311 15.3858 17.055 18.8192 20.8391 22.0875 27.7269 26.9672 29.3741 29.5934 30.0689 31.4378 29.3784 28.7386 25.4069
-4.21527 -4.87216 -6.51188 -3.99443 -3.60905 -3.26812 -2.58968 -3.85712 -3.1353 -3.65865 -1.9641 -3.64981 -2.37551 -1.98777 -0.333719 -2.39615 3.33665 5.24552 5.81163 6.66156 7.81822 11.3604 13.2486 15.6104 17.4157 19.402 20.3458 21.9362 22.6075 21.7485 20.9589 22.1831 23.5689 23.8964 24.3942 23.9171 22.5741 22.8731 21.2241 19.1452 19.5742 18.3632 15.2079 15.9761 13.5547 12.3045 11.599 10.81 12.3055 12.4651 10.9108 12.1602 15.123 16.0904 18.8627 19.8593 24.0569 23.653 24.7977 27.5126 27.3627 28.7991 27.4534 26.6896 21.4545
-4.5267 -3.98772 -2.19053 -3.57615 -3.9397 -5.02648 -3.80267 -5.07307 -3.69372 -3.491 -3.17436 -2.33445 -1.36499 -3.0361 -1.38958 -0.28555 3.68365 2.39254 3.45327 3.98069 9.11764 6.88924 9.97928 10.8572 12.7857 13.5921 15.2795 17.4836 17.0054 16.7672 15.8498 16.8904 17.8276 17.2363 17.5506 18.3407 17.1576 16.3371 15.7313 15.2735 14.5186 13.4701 11.2046 12.9093 11.5341 10.5387 9.6111 8.02717 9.82667 10.6601 11.0726 11.5104 12.8885 13.9839 14.6525 19.0663 21.2189 23.8474 24.002 24.1996 25.0893 25.0599 25.5437 22.8301 19.718
-7.3765 -3.35853 -2.16757 -6.19542 -3.61045 -3.14455 -4.5519 -4.02928 -3.83916 -2.76113 -4.63594 -3.64359 -3.65887 -3.39127 -0.563162 -0.989122 -1.76665 0.246506 0.330707 4.61037 5.64781 7.29224 5.68939 7.83686 9.53609 10.0296 11.5102 11.3189 12.6207 11.3215 13.5567 13.2534 12.5793 12.2841 15.1085 12.5371 13.0464 11.0033 12.3214 11.3344 11.1665 11.4918 9.67482 8.25801 7.64935 7.22608 6.88447 8.50066 5.92645 6.36448 9.72289 8.36363 12.6595 12.8362 16.9528 17.604 19.1726 21.8682 19.227 22.1772 21.6786 23.6689 20.5247 21.1607 19.2892
-1.8623 -3.5241 -3.31425 -4.05631 -3.22028 -3.62004 -4.73777 -2.41245 -3.7472 -4.26001 -4.38864 -3.18037 -2.70798 -4.2337 -2.37787 -1.35013 -1.06308 -1.35435 0.411951 0.924643 3.29178 2.516 5.94609 5.90551 5.78425 6.14966 7.48181 9.42063 7.89002 9.44828 8.51981 9.00237 8.36351 8.89123 8.24242 8.07914 8.97571 9.26313 7.06149 8.09727 7.18069 7.7879 6.13853 6.45323 6.85452 4.782 6.70522 3.83525 5.45213 5.12914 8.01777 7.42534 8.485 11.1123 14.4932 13.9822 19.0851 18.5062 20.3636 19.3292 19.4138 21.0925 18.9541 19.5457 18.3161
-2.90704 -3.03943 -3.25137 -3.55354 -3.93076 -3.43403 -4.07253 -5.83664 -5.75322 -4.0768 -2.71757 -2.47446 -3.26158 -1.49136 -3.56534 -2.18963 -2.26746 -1.45171 -0.623782 -0.533167 0.724439 2.51386 0.568725 2.55229 3.70337 3.98901 4.30539 4.37612 6.12358 5.77005 6.77791 4.9261 5.48092 5.20963 5.28684 6.03594 6.04677 4.79518 4.84062 3.81679 4.39413 4.09641 2.91244 3.8979 3.20889 3.84467 0.53995 3.19584 3.78171 2.74986 5.1475 6.5596 7.55744 7.00768 10.5443 12.9224 14.7066 14.6094 16.0155 17.3384 16.3713 16.867 16.1355 16.2214 14.5501
-2.99448 -3.58963 -4.83479 -3.90086 -3.04924 -2.26602 -7.25215 -5.00048 -5.37854 -5.46371 -4.85455 -4.42337 -3.63196 -3.85504 -1.74787 -2.85546 -0.740485 -2.46215 -1.69282 -3.27493 -1.20101 -0.371994 -0.818067 -0.486317 1.9847 0.92565 0.57295 2.47409 3.18095 3.01027 3.45925 3.50279 2.74806 1.50594 2.19758 3.32283 1.68891 -0.0973138 0.456156 2.17073 1.70607 3.58501 1.58591 1.45122 1.5989 0.0677278 1.46558 3.05052 2.63817 1.76783 3.26974 4.4804 7.23013 6.77885 8.92919 10.1794 11.192 12.8482 13.8306 15.3294 16.132 12.832 15.9149 14.0042 10.9343
-2.65586 -4.60445 -3.19687 -4.52822 -3.01961 -2.34963 -4.51713 -4.53808 -3.54474 -4.39161 -4.04712 -3.30426 -5.21853 -4.72877 -2.68012 -2.05584 -1.87006 -4.19651 -3.43326 -1.4745 -2.34953 -1.99155 -1.7225 -0.593645 -2.54006 -0.029214 0.57212 1.48422 -0.380927 0.831698 0.287602 0.229093 -0.17175 2.67457 -0.125586 -1.24323 0.823175 -1.44104 0.0976743 0.673287 -1.48975 -1.15537 0.493034 -0.0723042 0.345963 1.37349 0.760211 -0.350973 0.849917 2.39199 -0.11285 3.6998 3.94712 4.6772 5.83113 8.23492 10.5992 9.47761 11.967 12.9114 11.5822 13.7155 13.0789 9.81288 10.0356
-5.58367 -2.39113 -3.46549 -5.10635 -3.55306 -3.79448 -4.31367 -4.16562 -4.24021 -2.65167 -3.23524 -3.89083 -3.65786 -2.68806 -3.81536 -3.33768 -4.99849 -2.96211 -2.90263 -2.61508 -2.61675 -1.99847 -2.82348 -2.42011 -1.31953 -2.81283 -0.271732 -1.89499 -1.15992 -3.49443 -0.93426 -2.20448 -1.4867 -2.26299 -1.08501 0.965542 -1.61792 -1.80598 -1.91395 -1.07202 -1.81492 -1.20433 -0.324325 -0.949349 -0.779466 -0.519758 -0.0753359 -1.34947 -1.00609 1.47367 0.0698038 1.8178 2.90391 4.44552 5.27732 4.55407 6.6514 6.88486 8.4674 10.0527 8.30153 8.77064 8.82461 10.3 7.90612
-3.40529 -4.45594 -2.45303 -4.14811 -4.73913 -4.15938 -3.54601 -5.65857 -4.88445 -4.70873 -5.50571 -4.90637 -4.87283 -0.939451 -3.87899 -4.13851 -3.34886 -4.24467 -3.38403 -4.02591 -3.76172 -3.19642 -2.10038 -2.26376 -2.04401 -4.31817 -2.15871 -2.97837 -2.87245 -2.21141 -2.60029 -3.02091 0.840014 -0.424497 -2.4011 -2.85782 -1.80851 -0.749476 -2.55331 -1.48352 -3.4879 -3.55815 -3.21822 -2.11644 -2.94888 -1.76261 -0.426629 -1.05411 -0.995209 -1.73032 0.342609 1.94416 0.0669024 1.5341 3.03624 4.87909 4.6599 6.98805 7.26079 7.95343 6.59241 6.7395 7.87899 5.82113 6.98989
-2.82736 -2.80971 -2.93184 -3.9152 -4.36933 -3.39677 -4.14774 -4.45178 -4.30665 -4.49092 -4.28984 -4.81513 -3.52446 -6.35601 -4.01635 -2.60158 -4.3766 -3.23859 -4.13845 -4.83592 -2.91538 -3.79649 -4.48163 -3.45444 -2.08619 -2.89778 -2.07586 -5.27541 -3.91725 -2.23415 -4.09522 -4.90409 -2.78709 -4.54017 -2.92824 -3.406 -4.23207 -3.27125 -4.20144 -4.4524 -4.54686 -4.28629 -0.870168 -3.88492 -1.92295 -4.61534 -1.74493 -3.33553 -1.55139 -2.1866 0.432955 0.0589957 0.268467 1.28819 3.57421 2.22705 4.72874 4.48069 5.20015 6.08172 4.85629 5.40882 8.03402 5.0747 6.84163
-2.91579 -1.72958 -2.88829 -4.5174 -4.25432 -4.08245 -2.73093 -4.44107 -2.99271 -4.63864 -3.89749 -4.31321 -4.27939 -2.20521 -3.10683 -6.21471 -3.9672 -5.14056 -2.72236 -4.5624 -2.77977 -5.47069 -5.41718 -3.03536 -4.43505 -2.98376 -4.08749 -5.23661 -3.48531 -3.33014 -4.54123 -4.84693 -3.93706 -4.34052 -3.97663 -3.26676 -3.35294 -3.17011 -3.79747 -4.81625 -3.60907 -3.71 -4.95591 -2.27327 -3.55991 -4.62466 -4.01446 -3.64406 -4.51086 -4.55508 -0.234448 0.611706 -0.0516392 0.953997 1.66478 2.3668 2.46573 0.284791 2.18472 3.75338 5.28227 3.51728 4.13477 5.34152 2.37398
-3.25709 -3.45671 -1.24216 -3.59549 -4.34884 -4.27626 -5.12725 -2.97444 -3.44086 -4.30945 -5.55451 -3.86722 -5.02351 -4.95154 -2.67747 -3.85306 -5.02938 -4.83433 -4.48376 -3.19134 -5.24912 -2.92291 -4.33969 -3.41479 -3.37255 -4.60833 -3.99546 -5.60212 -5.8834 -4.93015 -5.09185 -3.46536 -4.70168 -4.11526 -4.90106 -2.89407 -3.33809 -5.82875 -3.00779 -4.38835 -4.15461 -4.60061 -3.60465 -4.01852 -4.37181 -4.04926 -4.53485 -5.34167 -2.67911 -2.88774 -3.47943 -0.787436 -2.46986 -0.892203 -1.04451 1.43223 0.595133 1.12967 2.11456 0.978195 1.48293 -0.182325 1.93874 -0.226148 1.13139
-2.8576 -3.60607 -2.55308 -3.31781 -3.62524 -3.43221 -2.95925 -2.08627 -4.07513 -5.29783 -5.44745 -1.62034 -4.03256 -4.68622 -5.85252 -4.43849 -5.96996 -5.2516 -4.05804 -5.00059 -5.48526 -4.78655 -6.13733 -5.03399 -4.28176 -4.62968 -2.6948 -4.31496 -2.74902 -4.01881 -5.01525 -4.17134 -5.75284 -4.39981 -5.79662 -4.01142 -5.84318 -4.06543 -3.51597 -4.22147 -4.44596 -4.08081 -4.61099 -4.46457 -4.27783 -4.13047 -3.67827 -4.55728 -4.07459 -3.70331 -3.45007 -1.94127 -0.926191 -0.21648 -2.39262 1.10498 0.981727 -0.238935 1.64999 1.70755 0.634642 0.736225 0.220414 0.635501 -0.39563
-2.30373 -3.33735 -3.49082 -2.53316 -3.12539 -3.20872 -3.3323 -0.900443 -2.94612 -5.23539 -1.46887 -4.65354 -3.54074 -4.40958 -4.10038 -4.35903 -6.22959 -4.54416 -4.43514 -4.31426 -6.63841 -6.00852 -3.08252 -3.94518 -5.80513 -4.80882 -4.21763 -3.59775 -5.0398 -5.27405 -7.20273 -7.52379 -7.06568 -4.11348 -4.71013 -6.41333 -4.39043 -3.91812 -5.98763 -4.28288 -4.344 -3.32614 -4.27358 -4.13863 -3.72294 -5.16168 -4.7572 -3.29983 -3.51849 -4.04795 -4.45904 -3.39252 -2.40484 -1.48329 -0.936514 0.532099 0.256255 -1.74237 -1.09387 -0.445613 -0.522666 -0.443953 0.575859 -0.75001 -1.88963
-1.82822 -3.2276 -1.87493 -3.6103 -2.10964 -1.5534 -3.08854 -3.22398 -3.52488 -4.78937 -2.57976 -3.3611 -2.81247 -4.6554 -4.59355 -4.54065 -4.01776 -4.45333 -4.2112 -3.5119 -5.58619 -4.7259 -4.58886 -4.11348 -5.04791 -4.48855 -5.98533 -6.24471 -5.78331 -5.90458 -4.48193 -3.89336 -4.22896 -5.83221 -4.87866 -4.5387 -6.85618 -6.00476 -5.22164 -4.69888 -6.28193 -5.22627 -4.5943 -5.32205 -5.07789 -4.18031 -3.93764 -3.61547 -2.80925 -3.23136 -1.61101 -4.03988 -2.61831 -3.12243 -2.01929 -3.58752 -2.24358 -1.31746 -2.68034 -0.800463 -1.17926 -0.384907 -1.771 0.270416 -1.66499
-2.79205 -3.71254 -4.44359 -4.73197 -2.14196 -2.59516 -3.1735 -2.7218 -3.94868 -3.79099 -5.46597 -3.82897 -3.92521 -3.40672 -5.10357 -4.7351 -3.28566 -4.32347 -5.07287 -4.11105 -6.18352 -2.65621 -1.82635 -4.50241 -4.07473 -7.06725 -3.50953 -4.61421 -5.66775 -3.91936 -4.4184 -4.79196 -4.7872 -4.95824 -5.38005 -5.49484 -6.75153 -5.17762 -3.16411 -5.67783 -5.89914 -4.66313 -4.2837 -3.9587 -3.3648 -4.23401 -4.7901 -4.68381 -3.42662 -4.13289 -4.03995 -4.6353 -1.2938 -2.30142 -3.73472 -1.77538 -1.03695 -3.16786 -1.88162 -4.14006 -0.249917 -2.08397 -1.65995 -2.03254 -0.833858
-1.42601 -5.08042 -1.82044 -1.24492 -3.55809 -2.80641 -2.34829 -3.72474 -4.74746 -3.04836 -3.8043 -1.39607 -2.79187 -3.99521 -4.65038 -4.78745 -5.63074 -2.65254 -4.34588 -6.41471 -5.38228 -3.7931 -4.64169 -4.92772 -3.5839 -5.88225 -5.74358 -4.76251 -3.54536 -3.56389 -4.22946 -5.86751 -3.59188 -4.81331 -5.98976 -4.04346 -6.29946 -4.86094 -6.61284 -4.98201 -4.72105 -4.3805 -5.07332 -4.03644 -4.23413 -3.61295 -5.63908 -3.18111 -2.46798 -4.0795 -4.32891 -4.65782 -1.20414 -3.43752 -4.25757 -3.00872 -1.54907 -0.776459 -1.28504 -1.33033 -1.43517 -2.31274 -1.35024 0.108616 -2.16171
-1.91198 -2.0463 -3.14945 -2.1022 -3.40552 -3.631 -2.65548 -3.22799 -3.55759 -2.34912 -3.49698 -1.574 -3.2867 -3.31405 -3.0579 -5.54172 -3.2278 -1.96419 -5.57477 -4.2579 -4.98114 -5.18302 -3.96326 -4.58676 -4.46923 -3.45432 -4.25824 -3.98847 -6.17066 -5.07717 -4.9226 -5.87011 -5.11426 -4.30377 -4.80141 -5.81874 -4.64099 -5.69463 -5.76468 -4.99498 -4.84753 -5.89132 -4.58801 -5.51514 -5.40686 -5.13638 -4.14026 -4.95208 -4.94639 -3.64033 -3.26667 -4.00364 -3.81805 -1.91951 -2.41358 -2.39014 -3.9488 -3.87628 -3.40882 -1.36779 -2.75189 -3.04645 -3.56379 -2.86219 -1.89654
-2.51696 -2.89682 -2.9855 -2.38838 -1.31387 -3.67831 -3.00565 -4.59988 -2.40394 -4.33503 -4.05624 -1.89972 -2.29302 -5.15041 -5.06035 -3.76833 -3.28805 -4.18148 -3.72413 -4.07558 -3.01861 -4.06659 -2.80564 -6.03567 -5.60618 -2.51848 -3.91585 -3.75577 -5.62283 -4.88382 -5.47201 -5.20599 -4.49778 -3.50129 -6.21195 -6.9009 -5.69083 -3.57171 -4.32053 -4.24806 -3.94131 -4.48726 -4.47857 -3.65435 -4.6025 -4.60816 -4.45335 -3.98681 -4.4582 -5.1965 -3.41656 -4.52822 -4.46221 -3.36566 -2.19831 -4.30883 -2.30883 -2.94732 -2.18069 -3.7424 -1.78698 -0.901345 -2.51487 -2.60688 -3.39171
-2.17963 -2.58021 -3.1505 -2.10392 -2.80597 -1.95673 -2.60869 -5.08458 -3.63948 -4.52866 -1.29355 -3.18668 -6.178 -4.83467 -3.49447 -3.46663 -5.60584 -4.10016 -4.98381 -3.45156 -2.56246 -5.49375 -3.6121 -4.15222 -4.27894 -6.0052 -4.7256 -5.05612 -4.30562 -4.26232 -2.59055 -6.24394 -4.58439 -3.32678 -3.83775 -3.96736 -5.06396 -4.04636 -5.86782 -5.43841 -2.84241 -4.47622 -4.77736 -6.57367 -5.06223 -4.62932 -4.82409 -3.12019 -4.99448 -3.153 -5.60468 -3.32103 -3.40682 -3.72142 -5.39769 -4.98947 -3.25453 -2.46549 -4.24287 -3.43041 -2.53056 -1.96036 -3.10383 -2.09189 -2.76371
-2.57359 -1.48211 -0.556713 -2.30188 -2.75611 -1.64898 -3.66355 -2.22766 -3.59176 -3.81495 -4.06767 -4.71166 -2.66519 -2.58468 -4.76656 -4.78936 -2.88937 -2.35431 -4.12105 -3.18169 -3.11799 -4.77028 -2.91873 -3.73168 -5.05634 -3.42613 -4.39155 -4.48361 -2.9231 -3.9562 -4.41207 -3.92078 -3.81209 -6.15448 -4.55605 -4.77432 -2.26077 -3.52843 -4.45972 -5.96202 -2.82474 -4.83446 -4.39469 -6.27931 -3.63125 -4.77269 -4.70869 -4.96428 -3.84027 -3.83322 -4.36693 -2.99259 -4.04987 -3.1997 -2.7038 -3.64072 -5.3749 -3.68302 -2.82975 -2.62538 -3.08601 -1.70057 -1.89194 -3.07554 -4.29126
-1.23976 -3.30314 -1.45848 -0.864595 -2.18738 -1.7347 -1.73418 -2.61528 -1.84132 -1.83533 -1.96801 -1.62276 -3.00194 -3.31873 -3.97978 -2.68122 -2.8872 -3.09855 -1.93695 -3.45173 -4.99316 -3.81091 -5.60818 -4.92844 -3.61008 -3.88241 -3.63932 -4.79186 -3.47514 -4.38446 -6.82688 -6.99801 -4.24504 -2.18764 -4.22232 -4.9622 -4.53531 -3.84555 -2.88429 -6.26838 -6.70874 -5.28221 -3.57235 -4.31649 -4.69986 -5.57596 -4.41944 -5.22711 -2.42845 -4.47469 -4.41891 -2.87559 -2.62203 -3.52909 -5.14323 -4.47258 -1.86576 -1.50905 -3.33296 -4.53378 -2.3692 -3.83136 -2.74965 -3.44321 -3.26052
