model/noisy_data_m0v1.grd
DSAA
101 101 
0 4000
0 4000
-7.523785e+00 6.848002e+01
[rows 29 to 57 of 101, columns 0 to 64 of 101]
-4.37975 -4.47887 -2.79258 -3.03542 -3.1018 -3.8633 -4.64393 -4.51398 -4.54847 -5.93542 -4.14325 -7.05795 -6.48989 -3.27241 -4.95957 -3.5663 -0.861743 -0.906473 -0.159442 0.32728 2.65217 4.57831 5.80733 6.9803 10.2355 12.3078 15.3815 18.896 21.3669 21.8118 24.7432 25.399 27.2131 23.9277 27.3949 25.3523 25.4594 27.4292 25.0332 23.8467 19.8439 20.9661 19.613 17.9462 14.2461 14.4016 12.5689 12.4184 7.99658 5.8397 7.4137 7.25123 7.24746 7.08434 8.35153 8.64705 9.86277 10.5642 10.0364 11.9679 11.0143 12.0737 11.6511 10.783 11.5247
-2.38425 -4.18439 -2.57864 -4.58404 -3.481 -3.88265 -5.52681 -5.89649 -3.98328 -5.28505 -3.02478 -4.00863 -4.54241 -4.66862 -2.5152 -2.74375 -2.98964 -1.07148 -1.3893 0.960927 2.86773 6.33732 7.68395 10.8798 12.4984 12.3234 15.2144 18.5686 20.8962 23.6806 23.3716 26.3592 26.0543 27.6986 26.3283 28.2864 28.0138 26.4008 27.0655 27.6609 22.9971 24.8224 21.3806 19.9091 17.1494 14.7964 11.9522 12.679 12.5931 8.90922 7.15541 10.9544 8.75929 8.63848 9.94625 11.7305 11.5992 13.8082 13.7259 15.1484 14.1728 14.6005 16.1772 14.7205 11.4794
-4.24648 -5.25323 -5.67154 -5.39398 -4.11394 -5.24194 -3.51275 -3.92622 -4.2962 -4.53886 -3.82837 -3.07517 -5.51829 -4.01601 -3.50688 -3.88565 -2.96323 -2.90661 1.67456 1.78001 3.52771 4.33548 8.72118 9.92715 12.4292 14.7469 17.9194 19.6322 21.6957 24.4686 25.6712 27.2334 27.8162 28.1471 29.8109 29.0004 29.0543 28.5805 28.2634 27.1609 25.8547 22.3018 21.5704 20.3404 19.6674 16.5732 11.705 12.6259 11.6548 9.39519 8.09896 11.3109 9.41154 8.85939 14.2249 13.0903 14.6265 16.5171 17.0048 16.9007 18.2785 17.5604 16.8393 15.9053 14.733
-3.09753 -4.36082 -3.52364 -5.66575 -5.66669 -2.7579 -2.93794 -2.92549 -3.93433 -3.37998 -4.51558 -3.07689 -2.21653 -4.39229 -4.17261 -3.20198 -2.70366 -0.0786505 1.31608 2.06714 4.85891 4.1643 7.58847 10.2391 14.8839 17.1963 18.3289 19.5578 23.7332 24.3628 25.55 26.1419 29.6427 28.529 29.1251 28.2932 31.0414 28.9653 30.7371 27.1932 23.5979 26.3395 23.1201 19.7878 17.7848 17.0505 14.3602 12.254 11.7275 11.5678 9.60402 12.5522 11.5566 12.4341 14.278 15.6087 16.5824 16.8414 19.639 21.713 20.4935 19.3622 18.0262 18.0866 17.1626
-5.09063 -4.25116 -4.04922 -3.97619 -4.84114 -5.60364 -4.83154 -4.7767 -3.91154 -5.05868 -4.21199 -3.35103 -2.87931 -4.28911 -4.05026 -4.1135 -0.639822 0.606613 1.83471 2.61903 3.73138 7.54225 8.25467 12.7236 14.8965 18.2727 17.6853 20.8231 22.9787 25.1183 28.7827 26.67 27.786 29.0822 31.7593 30.1458 29.4739 27.1028 30.1209 27.7145 24.4869 23.722 22.7256 19.0841 20.2358 16.5861 15.3015 14.0736 12.9345 12.8664 11.9623 13.6162 13.0532 14.5445 15.6344 18.3355 19.3473 21.3312 21.7968 22.9002 22.3216 22.1887 23.1019 20.2421 18.3344
-4.74124 -4.09133 -6.7763 -3.02729 -5.01313 -5.54786 -3.83568 -6.17997 -3.63793 -5.23788 -5.91177 -4.97899 -2.22537 -3.29497 -1.16466 0.0832272 -0.262684 1.48124 3.03724 3.87626 5.22109 7.99735 11.1857 14.1848 15.5519 17.3853 18.9952 20.86 23.0511 25.7355 26.765 29.1023 28.9293 30.6811 30.8112 29.0133 32.4648 29.7555 27.0766 27.0501 26.8346 24.8705 20.9297 21.4369 20.6289 17.8794 15.7958 15.7429 14.1535 12.7237 14.3177 13.0714 13.5302 13.6351 16.8919 17.8743 20.1655 23.7031 26.0419 27.7322 26.6243 24.3946 23.68 23.2036 21.3777
-4.33124 -4.72354 -4.10893 -5.04987 -3.93453 -2.88791 -4.31597 -4.2485 -4.85336 -5.82279 -3.14028 -2.11562 -2.01501 -2.20109 -0.193606 -1.16405 -1.0185 1.23831 3.99163 4.56258 6.69791 10.1593 13.5323 14.2324 16.3315 20.4092 22.5165 24.5011 25.9583 27.4197 27.6258 30.9746 28.6779 31.2423 29.4576 30.7532 30.8914 31.7482 29.7295 27.8416 27.1719 23.1207 22.939 22.6333 19.8667 19.4457 16.5996 15.8291 13.2889 12.4813 15.5251 12.4515 15.7219 17.0109 17.1496 21.1007 20.0433 26.2401 27.8609 27.6276 27.2195 27.5573 25.8502 26.9514 21.2148
-2.51293 -4.673 -3.55894 -3.10959 -5.39951 -3.76078 -3.27333 -3.92657 -3.82563 -2.09501 -4.22332 -3.26251 -2.63823 -3.9794 0.512128 1.18809 2.01841 5.67436 5.47581 7.0597 9.66886 11.551 13.0111 16.386 19.6695 21.5747 23.0917 26.9109 28.378 28.0866 30.0705 31.4597 32.9342 31.0718 32.9033 31.0463 29.7675 31.308 30.8136 29.2224 25.1214 27.2089 22.4245 23.6925 21.3336 18.7538 16.6338 16.3855 15.9919 13.4046 15.0391 16.3372 15.7201 17.3825 20.9594 21.308 23.0638 26.6897 30.0994 28.7959 29.4882 29.9655 28.3449 26.9041 23.8536
-1.52069 -4.06055 -3.77381 -3.29676 -6.25603 -3.48281 -7.29391 -3.3499 -6.91153 -5.09814 -1.9195 -2.12199 -0.719771 -0.544784 0.0825613 1.97675 3.61188 5.48319 5.65229 9.74723 12.161 13.8845 15.6118 18.851 22.1565 24.8105 27.3713 28.6808 30.1999 30.9568 32.8261 32.1669 33.8235 33.0522 36.0491 31.875 34.247 33.0056 33.1392 32.3009 28.975 28.9886 26.1708 24.2096 21.4834 20.9797 18.4226 18.4 15.5802 16.0827 15.8153 15.9202 18.4417 21.6256 22.6592 23.6274 25.2577 29.3432 31.0227 31.3756 32.4359 31.87 29.4121 28.5147 25.7692
-5.38875 -2.7188 -3.75097 -5.45976 -4.87667 -3.50486 -7.09062 -5.27653 -4.07939 -5.11229 -3.95397 -2.50047 -2.09736 -0.354189 0.801536 0.988972 4.41434 4.26212 7.15364 11.7029 13.444 14.8458 20.8469 19.3827 23.783 26.5311 27.6095 31.3924 34.6912 35.7714 37.8562 35.871 36.4776 37.6357 37.3203 37.8249 38.4676 35.3105 35.5563 33.3287 30.5023 30.3386 28.0619 25.8218 23.8144 23.8273 19.6643 18.3358 19.0673 18.5923 16.9079 18.8452 19.7726 21.5476 23.8086 25.8839 29.0953 33.3774 31.4214 33.0315 33.4411 32.9709 31.0904 30.0643 26.3293
-5.37234 -5.22396 -4.6069 -5.9064 -2.80755 -6.26406 -4.89739 -4.49397 -4.57783 -5.00382 -4.22704 -1.48937 -0.166957 -0.887432 1.71328 2.9016 5.11615 6.7491 9.62258 12.5693 15.9877 20.5928 22.5048 26.5633 28.6054 30.2873 33.7308 35.5175 37.3857 38.5317 39.1466 38.6571 40.3146 41.7092 40.8501 39.5116 39.2345 40.7353 38.3981 36.7883 34.644 31.6355 29.9931 27.6623 24.6575 23.5469 21.8453 20.4676 20.3413 19.7321 19.7126 20.6238 20.6668 20.779 25.0436 27.1764 31.2242 30.373 34.14 35.6385 34.4108 36.6151 32.1579 30.913 28.2916
-3.78719 -3.41631 -3.45662 -3.54218 -3.55763 -3.89361 -4.03624 -4.9206 -5.66912 -2.49372 -1.43322 -0.929285 -2.124 0.813407 0.104827 4.17181 4.69728 9.06531 14.2185 15.8109 19.341 23.5912 27.4076 29.7389 32.2933 35.769 36.6393 39.9648 43.9574 42.7822 42.6005 45.2656 44.9846 45.0552 46.4263 44.1615 44.5636 44.0505 43.1966 40.9828 37.3071 37.5166 32.3528 30.4178 28.5133 26.2283 24.7959 21.632 20.1264 19.7236 18.0761 20.5401 22.8612 23.7279 25.125 28.4523 33.2996 32.0798 34.4669 35.4777 36.6737 36.6507 36.2353 31.6244 31.0826
-3.36715 -5.47338 -3.7063 -4.0503 -5.37925 -3.83541 -3.17175 -4.9224 -3.71071 -2.76867 -1.11056 -1.64912 0.849362 2.8523 3.39619 4.24958 7.56435 11.9154 14.2844 18.357 23.5919 26.0128 28.9519 32.8293 35.8336 40.2702 43.7855 43.0804 46.8783 47.2255 49.9285 48.8116 50.7121 51.9643 50.1414 50.1222 49.9625 48.7705 45.3577 44.1031 42.648 41.251 36.163 35.0572 28.7102 29.08 26.6072 24.1453 22.7587 19.4787 19.9968 22.1912 23.1799 24.7885 25.5061 30.8077 31.2018 34.5316 35.7936 34.966 39.3465 37.8724 36.2298 34.3388 31.8015
-2.9307 -3.65555 -3.55314 -5.46161 -3.3769 -3.82661 -4.71655 -4.41812 -4.09962 -4.92144 -2.50826 -1.58654 2.30877 1.41298 3.38849 6.62292 9.14113 12.5645 15.8966 21.3182 26.7105 28.4335 32.4414 38.2451 40.2977 44.5025 47.2439 49.426 52.1275 50.6626 54.4601 54.1504 53.4697 55.8799 53.9481 55.2651 56.0635 52.454 51.3449 48.1343 47.1866 43.7788 41.4561 36.3009 33.7581 30.1233 28.7047 27.0907 24.0646 22.4391 23.2654 20.9654 22.8996 26.2205 27.3122 29.3204 32.7079 36.3272 38.0642 38.9795 38.595 37.7255 37.8415 33.4713 31.5736
-4.15813 -3.6894 -6.1689 -3.46091 -3.16193 -2.52482 -4.21481 -5.30733 -4.46286 -4.57319 -0.991198 0.256706 -1.6603 2.82346 4.05106 7.77635 10.0345 13.2951 18.2401 22.602 25.1823 30.9807 34.6837 39.1672 45.3207 47.9064 50.1548 52.8862 57.3389 57.0438 56.3595 59.2375 59.2688 57.8789 59.9908 57.6243 56.8959 55.2932 55.9313 53.4946 49.8027 46.3585 43.6623 39.305 37.2119 34.516 28.8099 26.8582 26.8753 24.9713 23.9241 23.0981 24.9483 25.1637 26.9929 29.7569 35.0948 36.5116 40.1052 38.7774 38.5569 38.2865 39.5643 34.0259 32.9231
-4.43956 -4.14262 -5.4031 -4.02275 -4.46561 -6.89359 -5.72963 -6.14147 -3.18468 -3.69158 -1.97533 -0.556457 2.40759 0.703973 4.30188 7.18895 11.1336 13.8888 18.8867 24.7723 28.9162 33.1438 39.6488 44.773 47.6118 50.904 53.8936 54.677 58.2195 60.2471 60.103 62.6191 61.5258 64.1618 62.215 60.1753 60.5635 60.6015 57.776 56.5953 53.5358 49.8642 46.827 40.4886 38.9175 34.0998 31.336 29.467 26.8734 22.9177 24.6484 25.8735 24.8085 25.0017 29.3854 32.7338 33.1901 35.7463 37.8808 38.9768 38.8235 38.4484 37.3364 33.9038 32.0533
-6.13775 -4.28367 -5.22916 -3.1216 -4.61428 -3.18443 -2.85909 -3.84475 -3.15579 -2.40645 -2.11092 -0.459932 1.44611 2.85973 5.05616 7.37408 12.8852 16.0464 21.672 25.7581 31.2759 34.4806 41.6162 46.2932 49.9845 52.6276 56.5026 59.1058 61.3616 62.8632 63.0149 67.56 65.378 64.3491 64.9033 64.2152 63.4415 61.8045 60.5889 58.2185 55.281 50.3892 46.6754 44.3767 40.7979 34.379 31.4657 28.7314 26.1633 26.3714 23.5488 24.7745 24.5082 26.4052 30.4389 32.8092 34.3756 36.3494 40.2224 40.7223 40.9185 38.8317 39.6266 36.4593 34.965
-3.86417 -5.99515 -3.72049 -5.43784 -5.2141 -4.09097 -2.62963 -4.05845 -3.85209 -3.10258 -1.3834 0.62663 1.21191 3.40138 8.839 6.71116 12.7204 15.5145 23.412 25.931 32.8226 36.1127 42.6501 47.1729 51.5099 53.9082 57.6869 60.1514 62.5169 65.8516 65.7352 65.4513 66.5838 67.2262 64.5744 66.2932 63.7443 62.4877 61.2626 58.4839 57.893 53.4119 47.9118 44.5623 39.314 35.6644 34.6247 32.2502 30.3043 26.3015 25.9585 26.0851 25.3338 26.393 29.9334 34.5425 38.7715 38.123 38.2251 40.1436 40.172 40.6703 39.0112 35.7591 31.4349
-5.06356 -5.1371 -4.95784 -5.15846 -5.57579 -3.46578 -5.72701 -1.80107 -4.46137 -3.50848 -2.26312 -1.18382 1.7087 3.81667 3.84954 9.3865 12.0131 18.8025 20.6548 28.0986 33.6375 37.263 42.4768 46.1731 50.6473 55.9663 59.1908 62.0513 63.0674 64.7109 65.6134 67.1561 67.3008 66.8507 66.938 67.6657 64.4195 64.8764 62.632 59.5688 56.4891 51.4867 48.8978 46.6966 42.7558 36.7613 34.323 30.135 27.2863 28.0554 26.1338 24.4045 25.5993 27.9632 30.3512 32.9767 33.746 37.1517 40.2558 42.4746 39.6274 40.6942 39.7669 36.3045 31.4935
-3.66066 -5.97375 -3.83387 -2.81805 -4.19118 -6.30458 -3.58894 -2.56054 -2.7045 -2.87262 -1.4043 -1.45138 1.75915 1.51339 5.20209 10.4127 13.1733 17.4714 22.478 27.7871 32.5731 37.7832 41.4944 46.8147 51.8991 54.6103 58.6503 61.2061 62.758 64.4625 65.6782 66.7284 67.3322 67.7943 65.7396 65.1198 63.8144 64.1689 62.631 59.6398 55.0946 54.6195 51.243 44.729 41.1603 37.2138 33.7377 30.1163 28.4634 25.4716 27.7217 25.7081 27.0586 27.3537 30.8133 34.1598 35.2874 37.0027 39.6299 40.4463 40.4509 39.8847 38.6062 36.5078 34.1847
-2.26722 -4.47746 -4.1082 -3.8962 -5.22421 -4.14108 -3.20926 -3.3709 -2.59236 -1.81488 -1.76135 -0.431818 0.655302 3.66762 5.99219 10.1461 13.9314 15.7856 22.0443 27.4027 30.8149 35.8122 41.7325 47.9465 50.7529 55.2715 56.6687 61.9484 60.5966 63.835 64.993 67.2457 68.48 65.9915 66.3402 66.1584 65.5606 62.6699 60.8023 59.0685 56.5894 53.376 48.3271 46.2799 41.2153 35.9846 34.8072 31.1212 28.9121 25.3819 24.9665 24.6705 27.4792 26.6299 30.5235 33.2219 36.2668 39.0413 41.0296 40.3178 42.051 40.1714 39.9087 35.6953 34.3705
-4.35502 -3.45614 -5.04105 -5.44037 -3.90509 -3.35408 -2.60344 -4.00606 -3.8651 -2.87854 -1.65987 1.00375 2.84641 2.38308 6.35678 10.6602 14.5008 15.8059 21.8861 25.5002 32.6793 37.6688 42.7997 47.2031 50.7607 55.132 57.4849 59.3457 59.6506 64.6251 67.4024 66.4271 64.9923 67.0534 67.3266 66.648 62.8797 61.3104 63.7007 57.9962 55.3282 54.3905 48.3503 44.7803 40.9899 37.208 33.7487 29.5549 28.7102 26.509 26.0907 25.9915 24.5374 29.0283 28.7649 31.2513 36.4099 36.7117 39.722 41.4099 41.4889 40.0839 40.0248 37.0878 32.9009
-4.07447 -4.47851 -4.83228 -2.77821 -5.21238 -5.08517 -6.55386 -4.06208 -2.88406 -1.5934 -2.15857 0.130344 1.00556 5.17959 7.07952 8.21267 13.4418 17.2607 21.2889 26.9342 30.9001 35.5273 41.6368 44.9334 50.6792 53.9191 58.9457 60.7325 62.4758 62.4586 64.6355 64.5165 66.1604 65.207 64.4726 65.0572 62.7769 63.279 62.6729 57.7571 55.2051 52.7823 48.3319 43.7419 37.9469 37.6492 33.3863 32.3814 28.3252 26.7629 24.4408 24.0869 26.7687 28.2158 29.8584 34.494 34.2695 36.8392 39.9485 42.4096 39.419 41.1058 37.7246 37.2706 34.1723
-4.58126 -3.45748 -4.98843 -4.97945 -4.52873 -5.69172 -4.14624 -5.08487 -4.07353 -3.78226 0.302279 -0.472305 3.30466 3.30659 6.8932 11.3479 11.5382 16.5849 21.857 26.5988 33.7997 36.2264 41.1835 45.7935 50.6014 52.8114 57.8917 59.8288 62.2511 63.3904 64.5735 64.278 66.6295 65.5377 65.1817 64.8858 63.2692 62.6693 60.0539 59.4597 53.9076 50.5189 48.7632 45.7985 40.6037 36.2327 33.1893 29.4868 28.1232 26.0919 26.2142 26.4045 27.2525 28.2893 31.1139 32.2138 35.6119 39.8167 38.7562 39.2406 41.597 39.9817 38.6379 36.1395 33.1442
-3.17578 -4.37948 -3.6767 -2.71615 -6.71225 -4.99425 -2.78975 -4.09764 -2.09391 -2.49374 -2.40722 -1.26042 3.47003 3.73713 6.15162 8.86155 11.5881 17.3701 21.4117 27.4322 31.566 37.7874 42.3571 45.468 51.3648 51.986 57.5796 60.0015 61.8847 64.0987 67.7887 66.7598 66.3135 65.9145 65.0954 64.8827 63.283 63.5454 61.6258 56.7465 55.8898 53.7996 50.1069 45.5634 39.523 36.4883 32.0908 30.8298 27.7103 24.7701 24.6582 26.5283 24.4236 26.9319 31.0675 33.7603 36.22 37.9757 39.3891 41.7435 41.4024 41.4437 38.6159 37.0289 34.2005
-3.74226 -4.678 -4.17612 -3.55858 -2.05302 -3.82919 -4.42702 -4.81644 -2.14985 -2.71928 -1.41695 -1.78964 1.57141 2.44901 5.52434 7.97442 11.7015 18.3973 22.3977 27.2408 31.1879 37.7852 41.5199 46.1267 51.3916 55.4585 57.2208 59.9594 60.7764 64.4003 64.0585 66.1718 65.5272 67.5901 66.6618 66.2391 64.2008 63.0452 61.6356 57.9902 56.1761 52.6515 50.0771 44.5635 39.0465 38.883 31.7832 30.8474 29.4566 26.4439 25.0723 25.295 26.1466 26.4901 29.7977 31.1846 33.249 37.0593 41.0882 40.9502 39.6739 38.963 38.8016 35.4683 34.2948
-4.63917 -2.33757 -2.63269 -6.62992 -4.60292 -5.39935 -4.51246 -3.68033 -1.36126 -3.56809 -0.228224 0.204042 2.36325 5.54887 4.81698 10.1252 14.8407 16.1107 20.261 26.2252 30.7942 38.5909 41.1329 47.8025 51.0452 56.3691 55.749 60.1651 63.2027 64.1158 64.1215 66.8056 66.8481 66.3436 65.4481 64.2883 63.4804 61.5637 61.0515 55.9173 56.776 52.8903 48.5278 44.4181 41.5122 37.556 36.0135 29.0129 27.4496 25.0636 23.0431 22.0835 23.9369 27.0046 29.0793 33.2377 34.2049 37.9945 41.9613 40.2487 42.3895 40.7704 38.346 36.068 32.3933
-4.59583 -4.03519 -6.80806 -4.16893 -3.98266 -6.91659 -3.332 -3.3607 -3.7309 -3.46086 -1.78838 -0.920438 0.426376 2.9159 5.90826 9.61303 10.8997 16.3761 20.5647 25.8356 31.7694 36.6207 43.2999 45.3331 50.3418 53.6804 56.1582 60.6633 63.047 65.354 65.0388 66.4673 66.2377 65.8319 66.6462 62.6403 62.6206 63.8031 60.9988 57.1819 55.0701 52.5284 49.2925 44.8871 41.198 37.9042 33.0435 30.9691 26.0705 24.7384 23.9872 24.8017 26.3658 27.2893 28.7756 32.063 35.3659 37.5973 38.2137 37.8422 41.0817 39.3175 38.6148 36.3549 31.6989
-5.8489 -3.55546 -4.01351 -4.05575 -5.15903 -4.20738 -2.97653 -3.77091 -3.53128 -2.16985 -1.5468 -1.18143 0.917352 3.62508 6.40515 9.12869 12.4992 16.5971 22.3687 26.657 29.7086 35.108 40.2052 45.3219 50.6149 54.2913 54.6477 58.616 60.9503 63.3139 61.2322 66.2035 63.2866 65.207 63.9534 63.4373 62.0034 61.5775 56.9923 57.0648 54.7158 50.4175 46.698 44.1524 40.1666 37.44 31.6447 27.5498 25.4722 23.9703 24.2119 24.8837 26.3984 26.8472 28.7191 29.9483 34.4415 34.4223 38.4247 36.8378 39.7253 38.9598 37.6346 34.0979 29.9338
