model/noisy_data_m0v1.grd
DSAA
101 101 
0 4000
0 4000
-7.523785e+00 6.848002e+01
[rows 0 to 28 of 101, columns 0 to 64 of 101]
-1.99936 -1.38147 -1.96256 -1.30461 -1.01779 -3.085 -0.126717 -2.01075 -3.05791 -2.77938 -2.52619 -1.0463 -2.50187 -2.11127 -2.92591 -3.00797 -2.93862 -0.789829 -1.35316 -1.91378 -3.35055 -1.83589 -1.94428 -2.116 -3.21912 -2.75143 -5.09912 -2.26248 -2.64754 -3.27705 -2.48394 -2.56964 -5.07961 -5.735 -2.4114 -3.10938 -1.69241 -3.84928 -3.18165 -3.11456 -3.31148 -1.81428 -3.72594 -2.99628 -3.58646 -3.25804 -1.79666 -2.08139 -2.32863 -3.66591 -3.87804 -2.69777 -0.319639 -2.92409 -3.32258 -2.75123 -2.44389 -2.81134 -3.52315 -1.66084 -0.0759483 -2.22433 -1.8638 -3.40579 -1.58802
-2.88618 -1.64768 0.240906 -1.01363 -2.44167 0.308468 -0.299064 -2.99592 -4.68263 -1.86827 -2.84054 -2.70394 -1.86779 -2.62912 -3.60169 -1.38023 -1.85029 -2.91747 -2.12595 -0.457488 -2.93028 -1.52069 -4.23467 -0.221602 -2.24498 -2.18533 -2.93168 -2.91303 -1.23314 -2.39175 -3.25197 -2.35114 -3.91834 -4.36232 -5.34437 -1.62446 -2.90065 -2.28384 -2.62444 -3.45385 -2.03559 -2.49806 -2.57169 -1.5964 -1.66179 -3.20474 -2.47599 -3.973 -4.04081 -2.66707 -4.14868 -4.65397 -2.24768 -2.86426 -4.5264 -2.29505 -3.58446 -2.94851 -1.73604 -3.59695 -3.57741 -2.95738 -2.33925 -1.83453 -3.83427
-0.813379 -0.614539 -1.75391 -2.38157 -1.67915 -3.57728 -0.667443 -1.61557 -0.551302 -0.263052 -3.41976 -1.78691 -2.08676 -3.33862 -2.65168 -1.66054 -3.20256 -2.48547 -1.99129 -3.15646 -1.50065 -2.64971 -2.9953 -2.94537 -4.50035 -2.71706 -2.17595 -3.2363 -2.26178 -0.483646 -3.33802 -2.44394 -3.78065 -3.97308 -2.54971 -2.52571 -4.15711 -2.32198 -2.11577 -2.52628 -2.22188 -2.8585 -3.3818 -3.64522 -4.1041 -3.27675 -5.30809 -4.66194 -4.24913 -2.70889 -2.99204 -3.37576 -2.09202 -3.76098 -3.55225 -3.01567 -2.15471 -1.22906 -2.14704 -1.73463 -1.95242 -3.01919 -2.12711 -0.544858 -4.09866
-1.62794 -1.80148 -2.93 -2.15877 -2.02488 -0.450675 -1.74714 -4.31575 -1.64431 -2.45599 -1.79085 -3.94719 -3.64929 -1.89238 -3.08233 -3.63027 -1.76723 -3.30824 -0.948491 -3.29384 -3.81327 -4.37751 -2.22607 -2.85282 -4.00465 -0.676112 -3.23587 -3.9383 -3.27056 -2.90469 -3.87073 -1.32252 -3.49441 -4.1739 -3.40487 -3.42607 -3.46054 -3.59192 -2.79156 -2.7263 -4.14628 -2.08551 -3.52829 -1.88452 -3.53283 -3.31342 -3.0319 -2.94964 -1.78529 -3.88494 -2.907 -2.12627 -5.49851 -3.45253 -2.99981 -3.78213 -2.83198 -3.7897 -3.63421 -4.77925 -2.94757 -2.91718 -4.22713 -2.66134 -1.76873
-1.28692 -2.44946 -2.88754 -1.88376 -2.18166 -1.38132 -1.37899 -0.396595 -1.13669 -3.07409 -2.75144 -2.12882 -2.54292 -2.36942 -2.58731 -1.72162 -1.34828 -2.28083 -0.857282 -1.26088 -2.60143 -2.47401 -5.10938 -2.88166 -2.55243 -4.39587 -1.9955 -2.96062 -3.78153 -4.10982 -2.29297 -3.4875 -5.03716 -1.01565 -3.28547 -3.06447 -3.51201 -5.10205 -4.27065 -3.4639 -3.88269 -5.73942 -3.7097 -2.17708 -3.87749 -2.43176 -3.36772 -3.48811 -4.33791 -4.40305 -2.27484 -4.33495 -3.85654 -2.44382 -2.59374 -2.47302 -2.49968 -2.14767 -4.44572 -3.04305 -2.5258 -2.52009 -2.59517 -3.33347 -3.06975
-3.03592 -1.31685 -1.27305 -1.03727 -3.81229 -2.11181 -2.32742 -1.81057 -4.27968 -2.24226 -2.5101 -3.623 -2.60837 -1.29957 -3.06306 -2.80569 -1.39064 -3.18955 -3.50525 -4.27374 -2.60886 -4.22017 -4.149 -3.84768 -4.03425 -3.9751 -3.30507 -3.1904 -3.90401 -3.66529 -3.68715 -3.6416 -3.55308 -4.26029 -2.92764 -4.85559 -4.32537 -3.80058 -3.31057 -4.15776 -3.31425 -2.87224 -4.60942 -2.51981 -3.10226 -2.56503 -3.23139 -3.39214 -4.34138 -4.33877 -2.3456 -4.44375 -2.14497 -3.76955 -3.2456 -2.27421 -3.9266 -3.04939 -3.13481 -2.95608 -3.62086 -2.99736 -2.52451 -2.31854 -3.91331
-2.85027 -1.93857 -2.2242 -3.37797 -1.96956 -1.76117 -2.39785 -0.769678 -0.455266 -2.34401 -2.48151 -3.31512 -2.02036 -2.30544 -2.37227 -2.71827 -4.56936 -4.64591 -3.35482 -2.96866 -2.29753 -3.80895 -1.37278 -3.17352 -2.50885 -4.05837 -2.37476 -3.24316 -3.78924 -4.90145 -4.43097 -2.60169 -3.03105 -3.58405 -3.82336 -5.05359 -3.72168 -3.83366 -2.63089 -4.9729 -3.45635 -4.53917 -2.26091 -3.57326 -2.34767 -2.1455 -4.49562 -3.2938 -5.16849 -4.3109 -3.63048 -3.42516 -3.68593 -4.20459 -2.29335 -2.90345 -4.266 -4.86649 -3.7857 -3.0866 -4.58545 -1.21461 -3.93783 -3.62718 -6.10092
-3.38292 -2.43903 -1.73819 -1.98418 -1.82554 -1.84647 -2.55198 -1.10437 -2.69138 -3.122 -2.65341 -2.48401 -4.59683 -2.45871 -1.52116 -3.63855 -4.05024 -1.45423 -2.24728 -3.08653 -3.49551 -4.32136 -2.85622 -2.23993 -2.01 -3.32502 -4.14601 -3.20329 -3.4268 -5.09332 -3.65688 -4.13252 -4.00745 -3.94399 -4.19589 -4.57362 -2.20295 -3.54591 -4.32374 -4.27606 -3.38404 -3.72163 -3.13935 -1.98217 -3.44305 -3.56022 -3.9352 -3.16973 -3.31434 -3.3064 -4.68105 -3.11735 -4.10928 -2.85139 -2.93085 -3.89988 -4.72442 -2.3459 -1.36575 -3.89047 -4.02478 -2.37236 -1.82505 -3.05642 -3.66868
-2.1854 -2.82932 -2.72018 -2.40035 -3.75707 -2.31382 -2.24038 -3.17495 -1.25919 -4.11866 -3.05709 -1.49706 -2.36877 -3.21982 -3.95394 -2.30896 -4.21572 -1.90172 -3.76231 -3.69971 -4.67506 -4.53067 -2.69913 -3.87594 -4.00513 -3.90605 -3.07616 -1.26373 -3.12848 -5.03073 -6.35445 -2.16614 -3.22118 -3.03372 -3.62228 -1.80505 -2.74556 -3.39418 -2.43882 -4.99661 -4.8942 -5.02305 -4.12549 -3.061 -3.28803 -3.72117 -3.23917 -5.40383 -4.34021 -4.26038 -3.97764 -0.956821 -4.71202 -4.73199 -2.38374 -4.2938 -4.35284 -3.62993 -3.43083 -4.4259 -2.16878 -2.69719 -2.82347 -2.90436 -3.57107
-1.44859 -4.2135 -0.937041 -2.01194 -4.84852 -1.54235 -2.72814 -2.37572 -3.49347 -3.37303 -2.44704 -2.22409 -2.38223 -1.2726 -2.2022 -3.39652 -2.53112 -3.34273 -4.5696 -2.84623 -3.76273 -3.6776 -2.88733 -1.4073 -3.38418 -2.43096 -4.65437 -5.19443 -4.06751 -3.45998 -3.29868 -3.34071 -4.29414 -3.37366 -4.22903 -4.0607 -2.36056 -3.14283 -3.53849 -5.56047 -3.98933 -5.81947 -4.21517 -3.75307 -4.36043 -4.81866 -4.09707 -4.60888 -4.69471 -3.34154 -3.81757 -3.3964 -4.20851 -2.52497 -3.67316 -5.31364 -2.55925 -3.43771 -3.19616 -4.01239 -2.36935 -3.25147 -3.91857 -3.77303 -2.14697
-1.09576 -2.82764 -3.50588 -2.63516 -1.43569 -1.52769 -0.158981 -3.83823 -2.33005 -2.91199 -2.42433 -1.44574 -3.72496 -2.12106 -1.8123 -3.4093 -4.28016 -4.61336 -3.85115 -2.90451 -3.70234 -3.80392 -2.34392 -4.01903 -1.06598 -3.26721 -3.48934 -4.39588 -5.0909 -4.38513 -3.50863 -3.71771 -2.27202 -3.46824 -4.21631 -2.80916 -6.15701 -4.37481 -3.15676 -4.05898 -3.99504 -3.67712 -4.14143 -1.8685 -2.22582 -2.73096 -5.16833 -4.55191 -2.10888 -2.63463 -5.46871 -5.09996 -1.25948 -4.07234 -2.57243 -3.48288 -2.56224 -3.49266 -3.93784 -3.4284 -1.42255 -2.98578 -2.96844 -2.05565 -3.28516
-2.17269 -0.662874 -1.93567 -1.18584 -0.995232 -3.1915 -3.56845 -4.89629 -3.65272 -4.69964 -2.61707 -5.05275 -3.6183 -3.0278 -1.13063 -2.45812 -3.164 -4.06484 -2.60333 -3.62055 -4.65263 -3.96476 -3.45721 -3.42031 -4.04819 -3.9387 -4.32043 -2.70672 -4.21059 -3.99964 -4.24138 -2.71335 -4.31033 -5.08091 -2.98269 -2.9235 -4.64306 -3.5264 -3.58645 -3.55195 -5.02194 -4.08967 -2.90861 -6.42133 -1.66069 -4.09595 -6.4267 -2.59476 -5.34989 -4.6556 -3.03592 -1.69937 -4.67404 -2.53259 -3.85721 -3.05278 -3.88733 -2.49677 -3.56381 -3.65552 -5.12619 -4.04556 -3.20988 -2.22026 -3.06656
-3.71188 -3.71886 -2.10584 -4.8899 -2.08588 -4.69463 -2.21671 -2.01481 -4.99816 -0.972554 -2.64735 -3.59938 -2.52814 -2.38598 -3.64764 -1.99778 -2.51574 -4.40759 -4.46939 -2.71802 -6.2781 -3.61653 -3.41423 -2.47538 -5.66112 -4.71013 -3.05059 -3.41592 -4.82357 -1.94089 -2.06223 -2.85754 -4.31753 -5.35099 -6.00746 -4.84318 -5.62506 -6.1977 -4.55118 -5.55557 -2.01253 -3.08267 -4.45292 -2.89558 -4.81965 -5.95248 -2.61728 -3.66437 -4.30916 -3.90639 -5.99697 -1.63224 -3.67331 -5.87112 -5.81629 -3.59591 -2.04601 -4.75823 -3.07052 -4.57173 -5.61777 -5.05099 -4.49478 -1.88809 -3.71608
-2.96219 -1.08734 -2.56201 -3.84115 -0.713695 -3.22153 -3.58014 -1.25846 -5.23917 -2.60142 -4.96818 -2.69861 -4.98692 -3.96404 -2.55694 -2.02212 -2.09146 -3.23109 -4.72624 -5.50428 -3.57246 -4.14607 -4.77377 -2.2933 -1.98161 -2.57425 -4.62185 -3.17119 -4.83562 -4.03487 -4.56926 -3.10288 -2.71816 -5.79662 -3.18773 -3.86362 -3.83241 -4.73603 -3.94149 -2.85525 -5.48916 -4.71681 -2.44049 -4.65445 -4.12129 -3.05267 -5.07675 -3.33833 -3.23374 -3.91808 -1.07311 -3.72991 -4.98124 -2.50945 -3.83466 -4.87106 -3.2005 -3.53409 -2.90619 -1.65594 -4.22801 -3.31568 -3.51583 -3.30128 -1.65254
-1.1391 -0.986443 -2.85661 -2.69781 -2.56358 -1.80003 -1.41534 -2.85568 -2.96825 -2.83992 -1.70189 -5.2281 -3.66389 -4.27028 -4.11133 -4.23483 -4.55026 -2.72019 -2.61156 -2.38762 -4.64026 -2.51316 -5.24978 -5.02249 -5.02128 -3.60287 -3.58609 -4.7378 -3.43209 -5.50988 -4.84003 -3.40191 -3.28585 -5.19542 -2.24828 -5.37578 -2.69693 -3.17827 -3.91796 -3.83939 -3.3787 -2.74749 -3.87261 -4.48058 -2.64324 -3.84796 -4.84637 -3.58646 -4.62925 -3.59667 -4.16806 -4.92091 -2.32894 -3.94939 -3.2107 -3.48442 -3.30765 -4.19642 -4.75619 -3.12755 -3.41335 -3.84496 -0.893392 -3.93159 -4.31135
-2.99897 -3.51824 -1.44979 -2.34916 -1.3836 -1.24111 -2.35918 -3.14882 -2.56323 -3.41844 -4.2236 -4.86421 -3.28648 -3.73431 -2.85559 -3.24713 -3.38275 -2.85462 -2.58065 -5.71859 -3.27131 -3.3212 -3.33436 -3.35115 -2.6167 -4.54694 -3.0677 -4.60086 -1.51494 -0.40229 -3.52735 -3.32409 -3.70511 -3.41277 -3.12296 -3.55283 -3.70801 -3.94015 -2.67257 -3.04895 -2.923 -1.811 -4.29019 -3.63951 -3.90074 -2.44332 -4.60996 -4.26785 -3.47322 -4.68775 -3.33811 -2.32324 -2.77356 -4.32282 -1.56152 -2.67508 -3.95879 -3.84279 -1.8701 -2.73181 -2.90146 -3.158 -2.10316 -2.36659 -2.43881
-1.44466 -2.32659 -1.19462 -2.50769 -4.15046 -2.94343 -2.62634 -2.84076 -3.88725 -1.4574 -3.87499 -1.38459 -3.7889 -2.46557 -5.19957 -4.73048 -4.41472 -3.51909 -2.32805 -4.21201 -4.349 -4.21466 -2.36589 -5.02589 -2.63676 -2.71951 -3.21177 -2.28825 -1.49407 -4.24871 -2.92688 -2.99115 -2.87461 -4.61188 -3.27285 -2.50409 -3.94934 -4.02709 -1.58397 -4.1258 -3.74192 -4.08308 -2.97422 -5.55498 -4.22496 -3.03955 -3.96624 -4.54192 -1.39549 -3.70068 -4.94058 -3.73366 -4.36714 -4.20493 -2.74235 -2.29797 -3.4249 -4.24908 -2.71185 -4.73348 -2.88249 -2.95428 -1.39997 -2.0161 -2.97753
-1.45158 -3.51129 -4.46673 -2.75034 -1.93871 -2.85574 -3.28238 -3.91397 -3.64732 -3.07606 -5.5814 -4.34366 -5.18478 -3.46446 -5.10814 -4.25456 -2.47165 -4.07329 -5.01112 -3.21716 -5.50771 -2.5175 -2.43684 -3.36133 -0.441016 -3.03606 -2.66606 -1.68327 -2.57289 -2.68671 -2.01055 -3.80974 -1.69773 -2.53583 -1.62823 -1.77722 -2.47925 -1.53081 -1.78273 -3.04548 -2.23859 -3.03169 -2.64173 -2.98152 -1.81135 -2.92584 -3.09702 -2.08793 -2.15339 -3.63528 -3.60653 -4.40085 -3.39651 -2.84846 -3.29748 -4.44645 -4.19314 -3.63636 -4.28431 -3.37079 -3.89536 -3.38307 -3.19722 -2.98298 -2.0421
-2.01535 -3.7059 -3.46286 -3.80598 -4.48477 -4.25194 -2.52085 -1.77632 -4.32133 -2.56371 -4.19396 -4.34313 -3.72082 -3.10039 -2.85526 -3.43743 -5.24717 -5.01046 -3.82328 -4.95859 -1.64328 -5.20576 -1.59023 -3.93761 -1.65017 -1.63444 -3.12517 -3.37246 -2.00175 -0.721028 -0.872708 0.0434449 -1.81923 -2.96881 -0.303755 -3.61062 -1.57484 -2.13773 -1.68851 -3.20992 -0.72146 -1.85491 -2.56554 -2.34661 -2.03047 -2.66582 -2.52938 -2.49543 -2.30321 -2.14331 -2.59398 -2.5498 -2.20276 -3.51835 -4.81014 -3.78682 -2.95061 -2.99266 -2.92105 -2.59508 -0.389569 -2.66976 -2.44939 -2.99217 -2.00441
-1.90104 -3.99002 -4.86594 -1.02377 -1.59077 -2.67774 -3.70143 -3.53741 -3.60053 -3.39983 -4.81483 -3.21145 -5.52277 -2.38809 -5.09062 -3.44959 -4.68407 -4.04448 -3.01911 -5.10696 -2.51265 -2.75655 -3.35534 -3.75117 -1.93117 -2.22282 -2.97713 -1.21403 -1.20244 0.11959 -0.788696 -0.0806422 1.09746 0.170722 -0.321227 -0.138376 0.298395 1.373 1.27612 -0.973554 -1.22016 -0.32443 -1.08248 -0.412505 -1.53589 -2.78226 -0.812626 -1.32371 -1.91608 -2.19314 -4.76256 -4.09789 -3.5839 -3.07101 -2.40187 -2.08429 -1.03356 -1.06022 -2.49867 -1.54386 -3.53311 -2.58531 -1.8504 -2.74496 -2.21401
-1.78892 -3.48706 -1.9529 -3.4426 -2.69634 -3.22275 -2.04034 -3.34082 -3.33018 -4.07366 -6.1447 -4.49254 -3.70243 -4.15549 -4.67161 -6.21465 -4.10069 -5.69672 -3.47901 -3.10223 -5.02799 -2.65891 -0.595793 -0.873158 -0.341938 -1.1813 0.0781154 0.865165 -0.546334 0.408286 1.43087 -0.031712 0.637766 0.21987 3.07913 1.52833 1.39508 3.11455 3.08805 -0.82344 -0.271377 1.027 0.241466 0.389657 -0.59689 0.333741 -1.86493 0.252942 -1.7814 -2.66346 -2.44369 -1.61774 -1.4414 -3.46152 -1.97274 -2.31101 -3.58859 -2.09437 -1.67273 -2.77087 -2.1199 -2.91595 -1.28991 -2.42624 -2.76222
-2.10078 0.0426732 -3.1528 -3.92129 -4.54249 -3.2343 -5.3143 -3.97229 -3.64639 -2.62962 -4.19708 -4.55917 -3.97533 -4.79248 -3.62394 -4.28796 -3.71679 -3.16455 -1.90794 -4.03399 -3.64515 -2.20977 -3.5769 -1.16596 1.34587 -1.05034 0.646467 0.179028 -0.0806308 1.77257 1.66651 3.23242 2.20126 2.78094 4.63736 4.45875 2.89246 2.81764 1.66812 4.2142 1.63054 1.80878 -0.131027 2.61217 0.335037 -1.44536 0.423621 -1.23648 -1.6295 0.0459257 -1.66288 -2.37484 -1.97825 -3.82312 -3.44796 -3.0199 -1.47263 -0.366212 -2.12643 -1.28451 -1.55831 -1.28368 -1.39241 -1.42779 -2.13607
-2.48506 -3.2793 -4.00227 -3.50925 -3.42491 -3.83613 -4.47394 -3.00186 -4.11911 -2.88486 -3.88481 -4.60865 -4.03893 -3.67015 -3.15321 -4.6377 -4.32531 -4.35628 -3.24585 -1.82923 -1.10273 -1.7285 -1.11915 -1.81615 0.0864725 2.63879 1.24727 2.53815 2.72095 5.46149 5.53533 5.76325 5.07909 6.87143 6.17002 4.69477 4.39181 7.97166 4.7068 3.16262 4.02985 5.51485 2.51396 3.95952 2.35212 0.481384 1.75536 -0.130756 -1.40798 1.04049 -0.466575 -2.64981 -1.27759 -1.43463 -1.01074 -1.44923 -1.91056 0.287074 0.913794 -0.358711 -1.14453 -0.799393 -0.439383 0.760246 0.845108
-3.45996 -4.38822 -3.31646 -0.877559 -2.00592 -2.20715 -4.73024 -3.6492 -3.67863 -4.71011 -5.9313 -5.47488 -2.96026 -5.26929 -2.54062 -4.55568 -3.72043 -0.891911 -3.8334 -2.25561 -0.416306 -1.9818 -0.456653 1.3391 2.78187 1.33093 4.06538 5.17978 7.62926 4.99442 7.5833 7.92784 8.48228 9.05711 8.49846 9.05084 10.5747 8.42857 8.64421 8.08133 7.41063 6.54029 6.7248 4.11219 3.2566 2.9203 1.65014 1.9045 0.154035 1.00356 1.57905 -0.918001 -1.76278 1.29824 1.27639 1.17554 -0.817698 2.36836 0.835393 0.981594 0.253084 1.22432 -0.549303 0.395787 0.20694
-3.13163 -3.30958 -2.53188 -3.39082 -4.4939 -4.90952 -4.21096 -4.29078 -4.50859 -4.71727 -5.15347 -2.06876 -3.22416 -4.73642 -4.95452 -4.47586 -2.81545 -4.6592 -3.47478 -1.55203 1.54748 -0.494775 0.528865 2.72152 2.25362 2.52436 5.86347 7.49671 6.83597 9.48318 10.6461 10.8355 12.142 11.9418 12.3051 12.6904 12.4479 10.8132 10.5236 10.6673 10.156 9.57085 9.58776 7.52066 5.16487 5.55894 3.83785 3.0364 2.34559 1.31455 -0.753682 -0.0208811 1.36528 1.53106 0.715376 0.828666 0.394406 2.68013 1.84248 3.93345 2.15253 3.68769 0.700343 2.4037 0.762621
-3.38813 -5.54816 -4.09798 -3.33128 -5.88538 -5.67791 -2.71891 -3.77266 -4.21628 -5.08784 -2.42161 -4.78391 -4.76783 -3.42977 -2.96422 -4.12088 -4.60711 -2.72351 -1.88355 -1.85144 0.911492 0.0302251 1.62045 2.23848 4.36239 6.80012 9.2622 9.89848 11.4247 12.4565 13.8115 14.0423 13.1162 16.0261 15.5475 15.4996 14.5739 14.3581 14.5771 13.7302 13.8772 12.7936 9.26229 10.7847 7.49665 6.55829 6.68048 5.62143 3.29565 3.3951 2.97121 3.26992 1.51342 1.8277 3.55818 2.41148 3.43705 4.01554 2.82507 1.96853 2.61675 1.53765 3.41788 1.90066 0.842474
-4.05564 -3.19856 -2.78533 -2.66852 -3.31046 -1.9304 -3.72315 -4.64048 -4.90733 -5.33533 -2.9059 -4.04294 -3.85962 -3.45637 -4.59245 -2.53174 -3.05314 -3.28958 -0.977086 -0.998199 1.02376 2.04851 3.80677 4.84819 6.13958 8.2093 8.65966 12.053 13.3624 14.0998 16.751 14.6832 18.3444 17.5203 20.9431 17.3683 17.7646 17.3902 18.572 17.3671 14.9593 14.1588 13.1788 11.879 10.1149 8.22247 6.51996 4.14578 5.69517 3.91756 4.71452 2.43841 2.75023 2.4222 2.06246 4.24659 4.98307 5.04742 5.63189 6.34357 6.08531 5.05051 4.94049 4.03943 3.75592
-3.80294 -4.36442 -2.34953 -4.72431 -3.0944 -4.24087 -4.17972 -4.44106 -4.75015 -4.46822 -3.80919 -4.34048 -3.81719 -3.01057 -2.96508 -2.82112 -2.27651 -1.50925 -1.08802 -1.70114 -1.34265 2.45855 5.4515 6.93049 7.31749 9.39273 11.4289 12.5507 17.4352 17.2676 17.5165 19.7204 20.4984 20.4617 23.1632 20.7168 22.0336 21.8442 20.7104 19.7271 17.8883 16.4169 17.4597 13.744 13.095 11.5372 8.77959 6.85742 4.89858 4.50335 4.53747 3.99132 4.14632 2.49773 4.80584 5.62103 7.25384 5.41281 6.17443 7.97085 9.16382 7.61434 6.96776 5.10789 4.79759
-3.35069 -3.76093 -3.89663 -2.55495 -5.20312 -3.63831 -5.64303 -5.46027 -5.07383 -4.38176 -5.78834 -4.61084 -5.1389 -2.24743 -3.39467 -2.55891 -2.56159 -0.952557 -1.62188 0.293252 3.28627 2.70493 3.82954 8.67961 8.23301 10.8097 13.8132 15.1458 17.0359 19.5026 23.224 22.9338 24.1524 21.6208 24.4736 23.5898 24.2801 24.9525 22.7561 21.3025 19.6846 21.3623 17.0813 15.937 14.071 11.8244 9.57709 9.31094 7.58272 6.34669 7.0888 5.748 6.87475 5.17088 5.82084 6.69047 8.35954 7.14252 8.63712 10.1988 9.09499 9.77742 9.08294 9.13121 8.54893
