model/with_out_noise.grd
DSAA
101 101 
0 4000
0 4000
-5.130051e+00 6.700505e+01
[rows 29 to 57 of 101, columns 0 to 64 of 101]
-3.59071 -3.72439 -3.85587 -3.98291 -4.10271 -4.21176 -4.30573 -4.37928 -4.42584 -4.43744 -4.40437 -4.31493 -4.15508 -3.90813 -3.5545 -3.07161 -2.43417 -1.61503 -0.586927 0.674563 2.18671 3.95426 5.96381 8.1796 10.5424 12.9734 15.3822 17.6786 19.7839 21.6388 23.2062 24.4701 25.4299 26.0945 26.4757 26.5841 26.4259 26.0023 25.3109 24.3485 23.1166 21.6272 19.9098 18.016 16.021 14.0201 12.1195 10.424 9.0241 7.98537 7.34302 7.10036 7.23075 7.68113 8.37647 9.22469 10.1227 10.964 11.6478 12.0889 12.2271 12.0328 11.51 10.6925 9.63726
-3.65882 -3.79401 -3.92619 -4.05282 -4.17076 -4.27607 -4.36392 -4.42836 -4.46217 -4.4566 -4.40114 -4.28323 -4.08797 -3.7979 -3.39275 -2.8495 -2.14264 -1.24511 -0.130071 1.22609 2.83948 4.7133 6.83225 9.15822 11.6294 14.164 16.669 19.0518 21.2319 23.1488 24.7654 26.0658 27.0501 27.7277 28.1113 28.2118 28.0359 27.5849 26.8566 25.8481 24.5616 23.0105 21.2266 19.2647 17.2049 15.1479 13.2063 11.4913 10.0992 9.10022 8.53265 8.40052 8.67533 9.29914 10.1887 11.2403 12.3364 13.3545 14.1774 14.7061 14.8704 14.637 14.0124 13.0387 11.7857
-3.72419 -3.86044 -3.99271 -4.11816 -4.23323 -4.33351 -4.41358 -4.46682 -4.48524 -4.45925 -4.37745 -4.22641 -3.99043 -3.65147 -3.18899 -2.58015 -1.80022 -0.82357 0.374487 1.81486 3.51058 5.46173 7.65023 10.036 12.5561 15.1289 17.6623 20.0652 22.2586 24.1834 25.8035 27.1035 28.0837 28.7535 29.1254 29.2103 29.0148 28.5405 27.7857 26.7487 25.4331 23.8542 22.0463 20.0669 17.9988 15.9461 14.0244 12.3484 11.0176 10.1055 9.65279 9.6647 10.1117 10.9321 12.0354 13.3069 14.6152 15.8214 16.7922 17.414 17.6067 17.3333 16.603 15.4669 14.0081
-3.78652 -3.92331 -4.05503 -4.17844 -4.28953 -4.38333 -4.45374 -4.49335 -4.49329 -4.44296 -4.32996 -4.13984 -3.85612 -3.46021 -2.93158 -2.24812 -1.38675 -0.324615 0.959199 2.48092 4.24847 6.25709 8.4849 10.8898 13.4094 15.9644 18.467 20.8313 22.983 24.8668 26.4487 27.7143 28.6639 29.3062 29.6528 29.7137 29.4953 28.9996 28.2255 27.173 25.8478 24.2676 22.4692 20.5122 18.4809 16.4802 14.6265 13.035 11.8066 11.0167 10.7078 10.8868 11.5238 12.5542 13.8812 15.3802 16.9062 18.3047 19.4261 20.1428 20.3649 20.0514 19.2147 17.9149 16.2487
-3.84553 -3.98233 -4.11278 -4.23324 -4.33916 -4.4249 -4.48357 -4.50684 -4.48475 -4.40552 -4.25548 -4.019 -3.67855 -3.21495 -2.60774 -1.83586 -0.878566 0.283193 1.66501 3.27661 5.11886 7.18035 9.43419 11.836 14.3244 16.8246 19.2556 21.5393 23.6088 25.4146 26.9261 28.1306 29.028 29.6261 29.9349 29.9635 29.7175 29.1987 28.4072 27.3446 26.019 24.4509 22.6793 20.7657 18.7949 16.8715 15.1108 13.6271 12.5214 11.8699 11.717 12.0709 12.902 14.1435 15.6929 17.4165 19.1565 20.7433 22.0119 22.8213 23.0719 22.7194 21.7787 20.3191 18.4502
-3.90096 -4.03721 -4.16568 -4.28225 -4.38174 -4.45775 -4.50248 -4.50647 -4.45845 -4.34519 -4.15144 -3.86 -3.45196 -2.90721 -2.20516 -1.32584 -0.251201 1.03324 2.53655 4.26034 6.19655 8.32537 10.6134 13.0133 15.4646 17.8977 20.2401 22.4232 24.3894 26.0962 27.5181 28.6443 29.4749 30.0166 30.2778 30.2659 29.9855 29.4382 28.6247 27.548 26.2185 24.6592 22.9114 21.0382 19.1249 17.2754 15.6037 14.2233 13.2345 12.7146 12.7095 13.2287 14.243 15.6834 17.4422 19.3769 21.3178 23.0813 24.4879 25.3837 25.6605 25.2705 24.2313 22.6203 20.5595
-3.95262 -4.08777 -4.21355 -4.32527 -4.41708 -4.4817 -4.51022 -4.49189 -4.41385 -4.26107 -4.01632 -3.66033 -3.17227 -2.53055 -1.71398 -0.703348 0.51672 1.95572 3.6153 5.48758 7.55388 9.78411 12.1367 14.5599 16.9935 19.373 21.6345 23.7199 25.5816 27.1858 28.5125 29.5538 30.3106 30.7888 30.9952 30.9354 30.6124 30.0273 29.1805 28.0761 26.726 25.1552 23.4073 21.5469 19.6605 17.8523 16.2362 14.9258 14.0221 13.6037 13.7179 14.3757 15.5476 17.1622 19.1067 21.2298 23.3507 25.2726 26.8028 27.7757 28.075 27.6496 26.5195 24.7694 22.5322
-4.00036 -4.13388 -4.25627 -4.36226 -4.44519 -4.49681 -4.50696 -4.46333 -4.35122 -4.15341 -3.85018 -3.41961 -2.83827 -2.0823 -1.12915 0.0402626 1.439 3.07152 4.93147 7.00033 9.24716 11.6296 14.096 16.5883 19.0452 21.4064 23.6159 25.626 27.3998 28.9125 30.1505 31.11 31.7932 32.2056 32.3528 32.2385 31.8638 31.2284 30.3319 29.1781 27.7796 26.1627 24.3727 22.4766 20.5632 18.7387 17.1198 15.8221 14.9493 14.5824 14.7707 15.526 16.818 18.5723 20.6702 22.9521 25.2262 27.2837 28.9197 29.9581 30.2751 29.8168 28.6049 26.7303 24.3351
-4.04408 -4.17548 -4.29388 -4.39333 -4.46633 -4.50351 -4.49333 -4.42171 -4.27182 -4.02383 -3.65506 -3.14026 -2.45257 -1.565 -0.452668 0.904277 2.51726 4.38597 6.49572 8.81635 11.3031 13.8993 16.5411 19.1618 21.6975 24.09 26.2907 28.2617 29.9764 31.4195 32.5847 33.4727 34.0881 34.4366 34.5227 34.3485 33.9129 33.2131 32.2471 31.0171 29.5352 27.828 25.9425 23.9484 21.9384 20.0239 18.3269 16.9687 16.058 15.6797 15.8856 16.6881 18.0552 19.9084 22.1226 24.5294 26.9268 29.0946 30.8168 31.9078 32.2373 31.7486 30.4646 28.4811 25.9481
-4.08373 -4.2126 -4.3265 -4.41876 -4.48096 -4.50256 -4.47047 -4.36869 -4.17797 -3.87555 -3.43525 -2.82789 -2.02238 -0.987646 0.304588 1.87596 3.73712 5.88346 8.29188 10.9198 13.7072 16.5812 19.4632 22.2762 24.951 27.4305 29.6717 31.6458 33.3364 34.7375 35.8508 36.6821 37.2391 37.5285 37.5542 37.3162 36.8112 36.0332 34.9773 33.6432 32.0407 30.1963 28.158 25.999 23.8181 21.7343 19.8786 18.3812 17.3588 16.9018 17.0652 17.8615 19.2562 21.1658 23.4577 25.9549 28.445 30.6974 32.486 33.6169 33.9537 33.4371 32.0907 30.014 27.3633
-4.11932 -4.24533 -4.35434 -4.43894 -4.48977 -4.49501 -4.43997 -4.3066 -4.07301 -3.71325 -3.19726 -2.4914 -1.55967 -0.366041 1.1221 2.92919 5.06604 7.52433 10.2727 13.2557 16.3967 19.6051 22.7858 25.8491 28.7189 31.3375 33.6665 35.6849 37.3861 38.7738 39.8572 40.6483 41.1583 41.3952 41.3626 41.059 40.4779 39.6102 38.4466 36.9832 35.2269 33.2025 30.9591 28.5742 26.1539 23.8279 21.7391 20.0301 18.8277 18.2297 18.2947 19.035 20.4129 22.3387 24.6723 27.2273 29.7815 32.0944 33.9311 35.0898 35.4292 34.887 33.4873 31.3323 28.583
-4.15088 -4.27382 -4.3777 -4.4544 -4.49358 -4.48215 -4.40379 -4.2383 -3.96111 -3.5429 -2.94953 -2.14256 -1.08066 0.277744 1.97032 4.02513 6.45391 9.2453 12.36 15.7295 19.2603 22.8429 26.3643 29.7208 32.8283 35.6267 38.0812 40.1781 41.9198 43.3189 44.3927 45.1592 45.6334 45.8252 45.7382 45.369 44.7085 43.7432 42.4596 40.8488 38.914 36.6779 34.1904 31.5336 28.8223 26.1987 23.8202 21.8437 20.4084 19.6205 19.5427 20.1868 21.5112 23.4199 25.7644 28.3491 30.9426 33.2953 35.1639 36.3402 36.6779 36.1125 34.6677 32.4478 29.6173
-4.17849 -4.29823 -4.39692 -4.46571 -4.49332 -4.46542 -4.36407 -4.16698 -3.84693 -3.37125 -2.70172 -1.79508 -0.604557 0.917145 2.81305 5.11527 7.83699 10.9644 14.4509 18.2154 22.1476 26.1191 29.999 33.6693 37.0367 40.0385 42.6421 44.8402 46.6433 48.0725 49.1526 49.9074 50.356 50.5101 50.3735 49.9414 49.2014 48.1363 46.7275 44.9612 42.8362 40.3729 37.6218 34.6696 31.6408 28.6905 25.992 23.7176 22.0196 21.0133 20.7654 21.2872 22.5332 24.4006 26.7327 29.3254 31.9384 34.3139 36.2014 37.3869 37.72 37.1336 35.6511 33.3781 30.4816
-4.20221 -4.31876 -4.41235 -4.47347 -4.48993 -4.44626 -4.32298 -4.09587 -3.73519 -3.20518 -2.46377 -1.46319 -0.15152 1.52395 3.61138 6.14685 9.14518 12.5906 16.4298 20.5704 24.8867 29.2326 33.4604 37.4383 41.0642 44.2723 47.0317 49.3401 51.2151 52.6851 53.7819 54.5345 54.9656 55.089 54.9086 54.4182 53.603 52.4416 50.9109 48.9925 46.6807 43.9937 40.9824 37.7384 34.3949 31.1203 28.1029 25.5301 23.5671 22.3377 21.9125 22.3027 23.4586 25.2712 27.5765 30.1623 32.7807 35.1666 37.0633 38.2518 38.5781 37.973 36.4594 34.1434 31.1938
-4.22212 -4.33557 -4.4243 -4.47819 -4.48425 -4.42597 -4.2825 -4.02789 -3.63023 -3.051 -2.24483 -1.16002 0.259745 2.07181 4.32872 7.06992 10.3116 14.0363 18.1852 22.6562 27.3103 31.9868 36.5234 40.7763 44.6359 48.033 50.9379 53.3521 55.2988 56.8126 57.9307 58.6866 59.1062 59.2051 58.9872 58.4455 57.5628 56.3145 54.6736 52.6175 50.1372 47.2486 44.0036 40.4977 36.8723 33.3068 30.0029 27.1613 24.958 23.5247 22.9354 23.201 24.2684 26.0236 28.2962 30.8672 33.4822 35.8704 37.7698 38.9572 39.2756 38.6542 37.1149 34.7645 31.7729
-4.23828 -4.34881 -4.43305 -4.48034 -4.477 -4.40562 -4.24423 -3.96542 -3.53548 -2.91372 -2.05212 -0.895949 0.614453 2.53988 4.93605 7.84474 11.2829 15.2315 19.6273 24.3608 29.2831 34.2222 39.0049 43.4785 47.5274 51.0796 54.1056 56.6099 58.6193 60.1729 61.3118 62.0732 62.4851 62.5646 62.316 61.7313 60.7918 59.4706 57.7378 55.5678 52.9493 49.8971 46.4636 42.7479 38.8974 35.1004 31.5685 28.5123 26.1165 24.5183 23.7947 23.9566 24.9486 26.6528 28.8939 31.4481 34.056 36.4419 38.3401 39.5242 39.8346 39.1992 37.6392 35.2615 32.2369
-4.25072 -4.35858 -4.43879 -4.48023 -4.46867 -4.38596 -4.20925 -3.91001 -3.4532 -2.79652 -1.89015 -0.677327 0.90371 2.91578 5.41629 8.448 12.0278 16.1351 20.7036 25.6186 30.7252 35.8446 40.7967 45.4233 49.6047 53.2673 56.3813 58.9521 61.009 62.5935 63.7492 64.5154 64.9218 64.9862 64.7133 64.0949 63.1111 61.7338 59.9315 57.6772 54.9585 51.7899 48.2249 44.365 40.3617 36.4085 32.7231 29.5223 26.9956 25.2843 24.4671 24.5553 25.4925 27.1583 29.3747 31.9144 34.5147 36.8969 38.7923 39.9721 40.2752 39.628 38.0516 35.6527 32.6025
-4.25946 -4.36493 -4.44161 -4.47803 -4.45951 -4.36736 -4.17808 -3.86235 -3.38426 -2.70051 -1.76026 -0.505775 1.12558 3.19722 5.76671 8.87646 12.5424 16.7424 21.408 26.4222 31.6275 36.8425 41.8847 46.5938 50.8485 54.5738 57.7392 60.3504 62.437 64.0411 65.2075 65.9763 66.3779 66.4308 66.1398 65.4966 64.4813 63.0652 61.2169 58.9091 56.1299 52.8944 49.2574 45.3218 41.241 37.2105 33.4498 30.1776 27.5855 25.8159 24.9491 24.9968 25.9025 27.5454 29.7463 32.2764 34.8711 37.2498 39.1422 40.3179 40.6146 39.958 38.3687 35.9536 32.8841
-4.26449 -4.36788 -4.44155 -4.47379 -4.44958 -4.34987 -4.15069 -3.82228 -3.32821 -2.62476 -1.66076 -0.378326 1.28495 3.39186 5.99888 9.14692 12.8502 17.085 21.7818 26.8233 32.0525 37.2891 42.3519 47.0814 51.3565 55.1016 58.2856 60.9128 63.012 64.6247 65.7953 66.5639 66.961 67.005 66.7012 66.0415 65.0061 63.5671 61.6939 59.3604 56.556 53.2976 49.6411 45.6902 41.5982 37.5594 33.7921 30.5132 27.9132 26.1343 25.2571 25.2942 26.1901 27.8248 30.0195 32.5452 35.1369 37.5134 39.4033 40.5756 40.8672 40.2033 38.6044 36.1772 33.0936
-4.26579 -4.36738 -4.43857 -4.46744 -4.43876 -4.33323 -4.12663 -3.78896 -3.28361 -2.5668 -1.58752 -0.288394 1.39209 3.51529 6.13581 9.29235 12.997 17.2246 21.905 26.9224 32.1221 37.3276 42.3613 47.0666 51.3237 55.0574 58.2351 60.8598 62.9583 64.5707 65.7403 66.5062 66.8987 66.9361 66.6238 65.9539 64.9077 63.4583 61.5764 59.2382 56.435 53.1857 49.5476 45.6244 41.5679 37.5696 33.8438 30.6036 28.0364 26.2828 25.4233 25.4714 26.3734 28.011 30.2065 32.7321 35.3232 37.6986 39.5868 40.7564 41.0442 40.375 38.7692 36.3335 33.2401
-4.26332 -4.36342 -4.43262 -4.45888 -4.42685 -4.31707 -4.10522 -3.76121 -3.24843 -2.52328 -1.53515 -0.227428 1.46021 3.58744 6.20677 9.35459 13.0409 17.2391 21.8793 26.8472 31.9919 37.1411 42.1218 46.781 51.0011 54.7069 57.8651 60.4767 62.5668 64.1735 65.3387 66.1004 66.4884 66.5208 66.203 65.5277 64.4769 63.0251 61.1446 58.8137 56.026 52.8024 49.2011 45.3259 41.3263 37.3904 33.7274 30.546 28.0297 26.3172 25.4884 25.558 26.4739 28.1197 30.3197 32.8473 35.439 37.8139 39.7009 40.8686 41.1536 40.4809 38.8707 36.4298 33.3303
-4.25707 -4.35595 -4.42362 -4.44798 -4.41361 -4.30099 -4.08575 -3.7378 -3.22063 -2.49084 -1.49826 -0.186943 1.50239 3.62802 6.24072 9.37507 13.0394 17.2062 21.8058 26.7254 31.8171 36.9124 41.8422 46.4565 50.6395 54.3165 57.4534 60.0499 62.1294 63.7286 64.8881 65.6452 66.029 66.0576 65.7364 65.0585 64.0064 62.5558 60.6804 58.3601 55.5902 52.3931 48.8279 44.9979 41.0509 37.1717 33.5658 30.4376 27.9677 26.2928 25.4926 25.5823 26.5114 28.1651 30.3694 32.8988 35.4908 37.8651 39.751 40.9172 41.2005 40.5258 38.9134 36.4701 33.368
-4.24705 -4.34497 -4.41155 -4.43468 -4.3989 -4.28471 -4.06771 -3.71785 -3.19869 -2.46699 -1.47279 -0.160525 1.52854 3.65198 6.25972 9.38542 13.0366 17.1854 21.762 26.6547 31.717 36.7822 41.6833 46.2717 50.4326 54.0916 57.2143 59.7999 61.8709 63.4635 64.6177 65.3705 65.7508 65.7765 65.453 64.7738 63.7216 62.2726 60.4011 58.0877 55.3287 52.1469 48.6019 44.7966 40.8779 37.0288 33.4529 30.3526 27.9068 26.2512 25.4654 25.5649 26.5 28.1567 30.3619 32.8909 35.4817 37.8545 39.7389 40.9039 41.1863 40.5112 38.8987 36.4558 33.3545
-4.23328 -4.33051 -4.39644 -4.41898 -4.38271 -4.26814 -4.05091 -3.70101 -3.18201 -2.45066 -1.45698 -0.145356 1.54308 3.66607 6.27377 9.40007 13.0527 17.2039 21.7839 26.6807 31.747 36.816 41.7197 46.3094 50.47 54.127 57.2466 59.8281 61.8946 63.4827 64.6326 65.3816 65.7588 65.7822 65.4572 64.7773 63.7251 62.2765 60.4055 58.0924 55.3331 52.15 48.6024 44.793 40.8689 37.0135 33.4307 30.3236 27.8713 26.2098 25.4187 25.5135 26.4442 28.0968 30.2981 32.8234 35.4109 37.7809 39.6632 40.8271 41.1094 40.4353 38.825 36.3854 33.2884
-4.21583 -4.31265 -4.37838 -4.40101 -4.36517 -4.25148 -4.03563 -3.68764 -3.17107 -2.44256 -1.45188 -0.142944 1.54381 3.66713 6.27838 9.41277 13.0792 17.2505 21.8568 26.7846 31.8847 36.9871 41.921 46.5356 50.7144 54.3831 57.5084 60.091 62.1557 63.7401 64.8859 65.6311 66.0053 66.0269 65.7012 65.0214 63.9696 62.5208 60.6481 58.33 55.5611 52.3625 48.7924 44.9536 40.9944 37.1002 33.4777 30.3328 27.8467 26.157 25.3431 25.4202 26.3373 27.9795 30.1724 32.6911 35.2731 37.6391 39.5187 40.6815 40.9646 40.2932 38.6875 36.2544 33.1655
-4.19481 -4.2915 -4.35752 -4.38095 -4.34658 -4.23515 -4.02249 -3.67871 -3.1674 -2.44506 -1.46113 -0.158867 1.52234 3.64269 6.25541 9.39774 13.0804 17.2773 21.9183 26.8882 32.0344 37.1826 42.1581 46.8065 51.0098 54.6935 57.8255 60.4086 62.4696 64.0484 65.1882 65.9282 66.2989 66.3189 65.9936 65.3157 64.2666 62.82 60.9471 58.6245 55.8444 52.6258 49.0257 45.1468 41.1388 37.1905 33.5125 30.3148 27.782 26.0534 25.2088 25.2626 26.1622 27.791 29.9735 32.4837 35.0591 37.42 39.2965 40.4585 40.7434 40.0766 38.4784 36.0555 32.9791
-4.17032 -4.26722 -4.33405 -4.35908 -4.32732 -4.21973 -4.0124 -3.67567 -3.17325 -2.4617 -1.49024 -0.201605 1.46579 3.57361 6.17698 9.31534 13.0014 17.2105 21.8724 26.8704 32.0488 37.229 42.2323 46.9012 51.1161 54.8027 57.9305 60.5044 62.5537 64.1204 65.2493 65.981 66.3467 66.3652 66.0421 65.3695 64.328 62.89 61.0249 58.707 55.9259 52.6983 49.0794 45.1717 41.1261 37.1344 33.4112 30.1704 27.5998 25.8402 24.9717 25.0074 25.8934 27.5114 29.6848 32.1871 34.7555 37.111 38.9843 40.1458 40.4337 39.7738 38.1865 35.7781 32.7197
-4.14251 -4.23997 -4.30818 -4.33569 -4.30781 -4.20587 -4.00636 -3.68006 -3.19112 -2.49642 -1.54539 -0.280711 1.35964 3.43821 6.0115 9.12063 12.7801 16.9667 21.6107 26.5948 31.7617 36.9304 41.9197 46.5706 50.7629 54.4232 57.5224 60.0674 62.0896 63.6326 64.7425 65.4608 65.8189 65.8361 65.5177 64.8557 63.8299 62.4118 60.5694 58.2752 55.5166 52.3079 48.7027 44.8025 40.7584 36.7635 33.0347 29.788 27.2129 25.4509 24.5815 24.6169 25.5021 27.1178 29.2871 31.7839 34.3463 36.6963 38.5663 39.7279 40.0203 39.37 37.7976 35.4092 32.3751
-4.11151 -4.20989 -4.2801 -4.31102 -4.28839 -4.19408 -4.0052 -3.69324 -3.22315 -2.55268 -1.63207 -0.404721 1.19085 3.21701 5.73049 8.77311 12.3605 16.4707 21.0354 25.9387 31.0239 36.111 41.0195 45.5913 49.7077 53.2966 56.3306 58.8181 60.7913 62.2946 63.3744 64.0722 64.4195 64.4353 64.125 63.4803 62.4812 61.0988 59.3004 57.0578 54.3571 51.2108 47.6709 43.8367 39.858 35.9263 32.2575 29.0667 26.5423 24.8245 23.9918 24.0556 24.9602 26.5871 28.7603 31.2555 33.8131 36.1578 38.0242 39.1863 39.4847 38.8472 37.2945 34.9324 31.9305
