model/with_out_noise.grd
DSAA
101 101 
0 4000
0 4000
-5.130051e+00 6.700505e+01
[rows 0 to 28 of 101, columns 0 to 64 of 101]
-1.56447 -1.6072 -1.65064 -1.69475 -1.73946 -1.78472 -1.83045 -1.87659 -1.92305 -1.96973 -2.01655 -2.06339 -2.11016 -2.15674 -2.203 -2.24883 -2.29411 -2.3387 -2.38248 -2.42533 -2.46713 -2.50774 -2.54706 -2.58496 -2.62134 -2.6561 -2.68912 -2.72033 -2.74963 -2.77693 -2.80217 -2.82528 -2.84618 -2.86482 -2.88116 -2.89514 -2.90673 -2.9159 -2.92263 -2.92691 -2.92872 -2.92807 -2.92497 -2.91943 -2.91148 -2.90117 -2.88853 -2.87363 -2.85652 -2.83729 -2.81602 -2.7928 -2.76773 -2.74092 -2.71248 -2.68251 -2.65114 -2.61848 -2.58465 -2.54974 -2.51388 -2.47716 -2.43967 -2.40151 -2.36276
-1.61684 -1.66188 -1.70769 -1.75423 -1.80144 -1.84924 -1.89757 -1.94634 -1.99547 -2.04484 -2.09436 -2.14392 -2.19339 -2.24265 -2.29157 -2.34002 -2.38786 -2.43496 -2.48118 -2.52639 -2.57045 -2.61324 -2.65463 -2.69451 -2.73275 -2.76927 -2.80394 -2.83669 -2.86742 -2.89604 -2.92249 -2.9467 -2.96859 -2.98811 -3.00521 -3.01985 -3.03197 -3.04156 -3.04858 -3.05301 -3.05484 -3.05407 -3.0507 -3.04475 -3.03624 -3.02521 -3.01169 -2.99576 -2.97747 -2.9569 -2.93416 -2.90932 -2.88252 -2.85386 -2.82347 -2.79148 -2.75802 -2.72321 -2.68719 -2.65007 -2.61199 -2.57304 -2.53334 -2.49297 -2.45203
-1.67089 -1.71835 -1.76665 -1.81575 -1.86557 -1.91604 -1.96709 -2.01861 -2.07052 -2.1227 -2.17503 -2.2274 -2.27966 -2.33169 -2.38334 -2.43446 -2.48491 -2.53454 -2.58321 -2.63076 -2.67707 -2.72199 -2.7654 -2.80719 -2.84723 -2.88541 -2.92165 -2.95585 -2.98792 -3.01779 -3.04538 -3.07062 -3.09345 -3.11381 -3.13166 -3.14694 -3.1596 -3.16962 -3.17695 -3.18158 -3.18348 -3.18264 -3.17907 -3.17275 -3.16373 -3.15201 -3.13765 -3.12069 -3.10122 -3.0793 -3.05504 -3.02854 -2.99994 -2.96935 -2.93693 -2.90281 -2.86715 -2.83009 -2.79178 -2.75236 -2.71196 -2.67071 -2.62873 -2.5861 -2.54293
-1.72665 -1.77664 -1.82755 -1.87931 -1.93187 -1.98513 -2.03901 -2.0934 -2.14821 -2.2033 -2.25854 -2.31381 -2.36894 -2.4238 -2.47822 -2.53204 -2.5851 -2.63724 -2.68831 -2.73815 -2.78661 -2.83357 -2.87888 -2.92243 -2.96411 -3.00381 -3.04145 -3.07694 -3.11021 -3.14117 -3.16977 -3.19594 -3.21962 -3.24076 -3.2593 -3.2752 -3.2884 -3.29888 -3.30657 -3.31146 -3.31351 -3.31269 -3.309 -3.30242 -3.29297 -3.28066 -3.26552 -3.2476 -3.22697 -3.20372 -3.17793 -3.14975 -3.11929 -3.08671 -3.05218 -3.01584 -2.97789 -2.93848 -2.89779 -2.85598 -2.81319 -2.76957 -2.72525 -2.68033 -2.63491
-1.78413 -1.83676 -1.89038 -1.94494 -2.00034 -2.05651 -2.11334 -2.17071 -2.22852 -2.28661 -2.34485 -2.40308 -2.46114 -2.51885 -2.57605 -2.63254 -2.68817 -2.74275 -2.79611 -2.8481 -2.89856 -2.94735 -2.99434 -3.03943 -3.0825 -3.12346 -3.16224 -3.19877 -3.23298 -3.26481 -3.29421 -3.32113 -3.34552 -3.36732 -3.38649 -3.40297 -3.41672 -3.42769 -3.43581 -3.44106 -3.44337 -3.44272 -3.43906 -3.43238 -3.42266 -3.4099 -3.39411 -3.37535 -3.35366 -3.32913 -3.30187 -3.27199 -3.23967 -3.20505 -3.16833 -3.1297 -3.08937 -3.04752 -3.00437 -2.96008 -2.91485 -2.86882 -2.82214 -2.77492 -2.72727
-1.84331 -1.8987 -1.95516 -2.01262 -2.07099 -2.13018 -2.19006 -2.25052 -2.31141 -2.37259 -2.43389 -2.49513 -2.55612 -2.61668 -2.67661 -2.73571 -2.79379 -2.85065 -2.90612 -2.96001 -3.01219 -3.0625 -3.11083 -3.15708 -3.20115 -3.24298 -3.28251 -3.31968 -3.35447 -3.38683 -3.41673 -3.44414 -3.46901 -3.49131 -3.511 -3.52801 -3.54231 -3.55381 -3.56247 -3.56822 -3.57098 -3.5707 -3.56732 -3.56078 -3.55103 -3.53806 -3.52186 -3.50245 -3.47987 -3.4542 -3.42554 -3.39404 -3.35985 -3.32319 -3.28425 -3.24326 -3.20047 -3.15611 -3.11042 -3.06361 -3.01588 -2.96742 -2.91839 -2.8689 -2.81908
-1.90421 -1.96247 -2.02188 -2.08235 -2.1438 -2.20611 -2.26915 -2.33278 -2.39684 -2.46116 -2.52554 -2.5898 -2.65371 -2.71706 -2.77962 -2.84117 -2.90149 -2.96037 -3.01762 -3.07306 -3.12653 -3.1779 -3.22705 -3.27392 -3.31842 -3.36053 -3.40022 -3.43749 -3.47232 -3.50471 -3.53467 -3.56218 -3.58724 -3.6098 -3.62984 -3.64731 -3.66214 -3.67427 -3.68361 -3.69007 -3.69355 -3.69396 -3.69119 -3.68516 -3.67577 -3.66296 -3.64669 -3.62695 -3.60375 -3.57716 -3.54729 -3.51427 -3.47831 -3.43961 -3.39843 -3.35505 -3.30975 -3.26282 -3.21453 -3.16515 -3.11492 -3.06405 -3.01271 -2.96105 -2.90917
-1.96679 -2.02803 -2.0905 -2.15411 -2.21874 -2.28427 -2.35055 -2.41743 -2.48471 -2.5522 -2.61967 -2.68691 -2.75365 -2.81965 -2.88466 -2.94841 -3.01066 -3.07117 -3.12974 -3.18618 -3.24032 -3.29206 -3.3413 -3.38799 -3.43212 -3.47369 -3.51272 -3.54927 -3.58339 -3.61512 -3.64451 -3.67159 -3.69638 -3.71888 -3.73905 -3.75686 -3.77224 -3.7851 -3.79533 -3.80281 -3.8074 -3.80895 -3.80731 -3.80232 -3.79384 -3.78173 -3.76592 -3.74632 -3.72293 -3.69578 -3.66497 -3.63066 -3.59305 -3.5524 -3.50902 -3.46322 -3.41537 -3.36582 -3.3149 -3.26294 -3.21023 -3.157 -3.10346 -3.04978 -2.99604
-2.03105 -2.09538 -2.16102 -2.22785 -2.29576 -2.3646 -2.4342 -2.50437 -2.5749 -2.64556 -2.71608 -2.7862 -2.85563 -2.92408 -2.99123 -3.0568 -3.12051 -3.18209 -3.24131 -3.29797 -3.35192 -3.40307 -3.45136 -3.49679 -3.53939 -3.57926 -3.61649 -3.65121 -3.68356 -3.71366 -3.74162 -3.76753 -3.79146 -3.81342 -3.83343 -3.85143 -3.86736 -3.88111 -3.89253 -3.90147 -3.90771 -3.91105 -3.91126 -3.90808 -3.9013 -3.89069 -3.87608 -3.85733 -3.83437 -3.8072 -3.7759 -3.74062 -3.7016 -3.65915 -3.61363 -3.56544 -3.51503 -3.46283 -3.40927 -3.35475 -3.2996 -3.24413 -3.18858 -3.1331 -3.07782
-2.09694 -2.16447 -2.23337 -2.30353 -2.3748 -2.44702 -2.51999 -2.59349 -2.66726 -2.74104 -2.81452 -2.88737 -2.95925 -3.02981 -3.0987 -3.16556 -3.23007 -3.29192 -3.35086 -3.40668 -3.45925 -3.50848 -3.55439 -3.59703 -3.63655 -3.67312 -3.70697 -3.73833 -3.76747 -3.79461 -3.81995 -3.84368 -3.86592 -3.88674 -3.90617 -3.92418 -3.94068 -3.95554 -3.96859 -3.97959 -3.98826 -3.99429 -3.99735 -3.99707 -3.99311 -3.98511 -3.97279 -3.95589 -3.93427 -3.90785 -3.87669 -3.84094 -3.80087 -3.75685 -3.70932 -3.6588 -3.60584 -3.55099 -3.49479 -3.43774 -3.38028 -3.32275 -3.26544 -3.20853 -3.15212
-2.16442 -2.23524 -2.3075 -2.38108 -2.45579 -2.53144 -2.60781 -2.68464 -2.76162 -2.83842 -2.91468 -2.99002 -3.06402 -3.13625 -3.20628 -3.2737 -3.33812 -3.39917 -3.45657 -3.51011 -3.55966 -3.60518 -3.64676 -3.68457 -3.71886 -3.74997 -3.77829 -3.80422 -3.82818 -3.85056 -3.87169 -3.89188 -3.91132 -3.93017 -3.94847 -3.96623 -3.98335 -3.99966 -4.01491 -4.02881 -4.04097 -4.05096 -4.05828 -4.06241 -4.06283 -4.05901 -4.05048 -4.03685 -4.01783 -3.99327 -3.96316 -3.92764 -3.88704 -3.84178 -3.79245 -3.73969 -3.68421 -3.62671 -3.56791 -3.50842 -3.4488 -3.38948 -3.33079 -3.27294 -3.21601
-2.23344 -2.30765 -2.38335 -2.46041 -2.53862 -2.61775 -2.69752 -2.77764 -2.85773 -2.9374 -3.01622 -3.09371 -3.16935 -3.24264 -3.31305 -3.38005 -3.44318 -3.50202 -3.55621 -3.60554 -3.64989 -3.6893 -3.72395 -3.75414 -3.78033 -3.80307 -3.82296 -3.84066 -3.85681 -3.87201 -3.88679 -3.9016 -3.91678 -3.93255 -3.94903 -3.96622 -3.98402 -4.00222 -4.0205 -4.03846 -4.05557 -4.07122 -4.08474 -4.09536 -4.10232 -4.10484 -4.10221 -4.0938 -4.07915 -4.05797 -4.03016 -3.99586 -3.95544 -3.90943 -3.85857 -3.8037 -3.74573 -3.68561 -3.62423 -3.56241 -3.50086 -3.44011 -3.38057 -3.32245 -3.26581
-2.30393 -2.3816 -2.46083 -2.54143 -2.62318 -2.70579 -2.78895 -2.87228 -2.95534 -3.03766 -3.11871 -3.19789 -3.27458 -3.34813 -3.41789 -3.48322 -3.54351 -3.59827 -3.64706 -3.68965 -3.72594 -3.75604 -3.78028 -3.79918 -3.81344 -3.8239 -3.8315 -3.83722 -3.84204 -3.84685 -3.85244 -3.85947 -3.86844 -3.8797 -3.89342 -3.90964 -3.92823 -3.94894 -3.97136 -3.99494 -4.01898 -4.04265 -4.06498 -4.08494 -4.10138 -4.1132 -4.11933 -4.11884 -4.11097 -4.09525 -4.07146 -4.03972 -4.00043 -3.95431 -3.90227 -3.84544 -3.78503 -3.72226 -3.65834 -3.59433 -3.53113 -3.46945 -3.40974 -3.35226 -3.29701
-2.37581 -2.45702 -2.53984 -2.62403 -2.70933 -2.79541 -2.88189 -2.96831 -3.05415 -3.13883 -3.22167 -3.30195 -3.37891 -3.45171 -3.51954 -3.58157 -3.63705 -3.68533 -3.7259 -3.75845 -3.78293 -3.79956 -3.80883 -3.81157 -3.80881 -3.80183 -3.79202 -3.78083 -3.76966 -3.75984 -3.7525 -3.74859 -3.74882 -3.75369 -3.76346 -3.7782 -3.79776 -3.82183 -3.84987 -3.88116 -3.91478 -3.94961 -3.98431 -4.01742 -4.04734 -4.07247 -4.09126 -4.10231 -4.1045 -4.09705 -4.07958 -4.05216 -4.01528 -3.96984 -3.91706 -3.85843 -3.79555 -3.73009 -3.66361 -3.59755 -3.53307 -3.47107 -3.41212 -3.35646 -3.30405
-2.44899 -2.5338 -2.62025 -2.70806 -2.79692 -2.88643 -2.97613 -3.06547 -3.15383 -3.24046 -3.32456 -3.40523 -3.48148 -3.55227 -3.61655 -3.67327 -3.72144 -3.76022 -3.78895 -3.80726 -3.8151 -3.81283 -3.8012 -3.78141 -3.75499 -3.7238 -3.68984 -3.65523 -3.62199 -3.59199 -3.56686 -3.5479 -3.53613 -3.53221 -3.53651 -3.54914 -3.56993 -3.59848 -3.6341 -3.67589 -3.72261 -3.77276 -3.82454 -3.87591 -3.92465 -3.96847 -4.00513 -4.0326 -4.04922 -4.05379 -4.04568 -4.0249 -3.99204 -3.94827 -3.89523 -3.83489 -3.76944 -3.7011 -3.63199 -3.56399 -3.49866 -3.43713 -3.3801 -3.32783 -3.28016
-2.52335 -2.61183 -2.70194 -2.79338 -2.88576 -2.97863 -3.07141 -3.16346 -3.25399 -3.34211 -3.42682 -3.50697 -3.58133 -3.64858 -3.70734 -3.75625 -3.79403 -3.81953 -3.8319 -3.83064 -3.81569 -3.78759 -3.74741 -3.69686 -3.63815 -3.57392 -3.50708 -3.4406 -3.37738 -3.32004 -3.27084 -3.23159 -3.20363 -3.18787 -3.18481 -3.19456 -3.21694 -3.25145 -3.29723 -3.35312 -3.41754 -3.48848 -3.56355 -3.63994 -3.71456 -3.78418 -3.84563 -3.89598 -3.93279 -3.95429 -3.9595 -3.94831 -3.92147 -3.88054 -3.82771 -3.76566 -3.69734 -3.62575 -3.55375 -3.48388 -3.41816 -3.35808 -3.30447 -3.2576 -3.21714
-2.59878 -2.69095 -2.78475 -2.8798 -2.97566 -3.07177 -3.16746 -3.26193 -3.35424 -3.44328 -3.5278 -3.60639 -3.67746 -3.73932 -3.79021 -3.82832 -3.85194 -3.85956 -3.84997 -3.82249 -3.77705 -3.71434 -3.63588 -3.54405 -3.44197 -3.33338 -3.22239 -3.1132 -3.00987 -2.91604 -2.83481 -2.76861 -2.71922 -2.68782 -2.67501 -2.68097 -2.70545 -2.74782 -2.80707 -2.88171 -2.96973 -3.06854 -3.17493 -3.28512 -3.39484 -3.49959 -3.59488 -3.67653 -3.74103 -3.7858 -3.80936 -3.81147 -3.79309 -3.75629 -3.70405 -3.64002 -3.5682 -3.49267 -3.41729 -3.34544 -3.27984 -3.22238 -3.17411 -3.13522 -3.10516
-2.67515 -2.77103 -2.8685 -2.96714 -3.0664 -3.16561 -3.26399 -3.36055 -3.45415 -3.54344 -3.62687 -3.70266 -3.76881 -3.82316 -3.8634 -3.88716 -3.89216 -3.87633 -3.83801 -3.7762 -3.69073 -3.5825 -3.45356 -3.30719 -3.14774 -2.98044 -2.81103 -2.6454 -2.48916 -2.34734 -2.2241 -2.12268 -2.04538 -1.99365 -1.96824 -1.96931 -1.99656 -2.04922 -2.12607 -2.2253 -2.34439 -2.48004 -2.62803 -2.78326 -2.93994 -3.09181 -3.23257 -3.35634 -3.45811 -3.53418 -3.58239 -3.60231 -3.59521 -3.56388 -3.51238 -3.44568 -3.36922 -3.28854 -3.20886 -3.13473 -3.06972 -3.01631 -2.97574 -2.94813 -2.93254
-2.75229 -2.85189 -2.95303 -3.05518 -3.15773 -3.25987 -3.36065 -3.45892 -3.55326 -3.64205 -3.72336 -3.79496 -3.85434 -3.89874 -3.92516 -3.93049 -3.91167 -3.86586 -3.79076 -3.68488 -3.54786 -3.38078 -3.18638 -2.96907 -2.73485 -2.49094 -2.24534 -2.00618 -1.78119 -1.57718 -1.39971 -1.25301 -1.13995 -1.06229 -1.02086 -1.01579 -1.04667 -1.1126 -1.21213 -1.34313 -1.50254 -1.68617 -1.88856 -2.10297 -2.32152 -2.53564 -2.73656 -2.91606 -3.06709 -3.18439 -3.2649 -3.30796 -3.31526 -3.2906 -3.23951 -3.16875 -3.08573 -2.99796 -2.91247 -2.83535 -2.77135 -2.72364 -2.69374 -2.68157 -2.68564
-2.83003 -2.93335 -3.0381 -3.14369 -3.24938 -3.35424 -3.45712 -3.55664 -3.65112 -3.73855 -3.81659 -3.88247 -3.93305 -3.9648 -3.97386 -3.95616 -3.90762 -3.82438 -3.70319 -3.54187 -3.33969 -3.09791 -2.82003 -2.51196 -2.18183 -1.83956 -1.49612 -1.16268 -0.84974 -0.566456 -0.320158 -0.116222 0.0418108 0.15194 0.213327 0.225948 0.190359 0.107605 -0.020681 -0.192043 -0.40285 -0.647939 -0.920338 -1.21119 -1.50995 -1.80494 -2.08409 -2.336 -2.55085 -2.72132 -2.84314 -2.91535 -2.94024 -2.92301 -2.87119 -2.79394 -2.70131 -2.60344 -2.50977 -2.42843 -2.36569 -2.32563 -2.31004 -2.31852 -2.34879
-2.9082 -3.01519 -3.12349 -3.23241 -3.34107 -3.44839 -3.55301 -3.65329 -3.74722 -3.83238 -3.90591 -3.96442 -4.004 -4.02019 -4.00807 -3.96235 -3.87762 -3.74868 -3.571 -3.34137 -3.05849 -2.72367 -2.34134 -1.91926 -1.46832 -1.00196 -0.535099 -0.082895 0.340503 0.722963 1.05498 1.32982 1.54329 1.69324 1.77894 1.80062 1.75903 1.65536 1.49136 1.26974 0.99466 0.672359 0.311591 -0.0761662 -0.476943 -0.874979 -1.25386 -1.59793 -1.89371 -2.13113 -2.30435 -2.41207 -2.45745 -2.44755 -2.39257 -2.30489 -2.19804 -2.0856 -1.98021 -1.89267 -1.83119 -1.801 -1.80416 -1.83977 -1.90439
-2.98659 -3.0972 -3.20896 -3.32105 -3.43248 -3.54196 -3.64792 -3.74841 -3.84105 -3.92296 -3.99068 -4.04009 -4.06636 -4.06397 -4.02668 -3.94771 -3.81998 -3.63655 -3.39121 -3.07931 -2.69866 -2.25049 -1.74025 -1.17794 -0.577978 0.0416814 0.661003 1.25967 1.81887 2.32274 2.75915 3.11987 3.4001 3.59771 3.71234 3.74459 3.69552 3.56642 3.35909 3.0763 2.72269 2.30557 1.83574 1.32788 0.800253 0.273848 -0.229248 -0.68784 -1.08366 -1.4031 -1.63832 -1.78766 -1.85548 -1.85131 -1.78888 -1.68475 -1.55697 -1.42361 -1.30145 -1.20471 -1.14413 -1.12631 -1.1536 -1.22428 -1.33328
-3.06497 -3.17912 -3.29421 -3.40931 -3.52325 -3.63456 -3.7414 -3.8415 -3.93207 -4.00969 -4.07024 -4.10877 -4.11943 -4.09541 -4.02896 -3.9115 -3.73394 -3.48716 -3.16279 -2.75428 -2.25815 -1.67533 -1.01233 -0.281832 0.497414 1.30178 2.10476 2.87953 3.60148 4.25017 4.81042 5.27238 5.63083 5.88394 6.03199 6.07621 6.01803 5.85886 5.60033 5.24512 4.79809 4.26762 3.66679 3.01401 2.33286 1.65087 0.997325 0.400469 -0.11534 -0.532019 -0.839277 -1.03512 -1.12548 -1.12317 -1.0464 -0.91708 -0.759014 -0.596022 -0.450139 -0.339979 -0.27942 -0.27678 -0.334577 -0.44992 -0.615434
-3.14311 -3.26068 -3.37894 -3.49683 -3.613 -3.72575 -3.83297 -3.93202 -4.01967 -4.09192 -4.14391 -4.16979 -4.16256 -4.11397 -4.01456 -3.85368 -3.61987 -3.3014 -2.88727 -2.36851 -1.7399 -1.00176 -0.161677 0.764576 1.7531 2.77335 3.79092 4.77104 5.68206 6.49817 7.20075 7.77834 8.22552 8.54116 8.72655 8.7838 8.71487 8.52118 8.20405 7.76574 7.2111 6.54942 5.7962 4.97417 4.11322 3.24882 2.41913 1.66111 1.00662 0.479187 0.0920263 -0.152569 -0.262623 -0.255038 -0.153648 0.0129746 0.21385 0.417987 0.596748 0.726032 0.788052 0.772464 0.67668 0.505313 0.268867
-3.22073 -3.34158 -3.46282 -3.58324 -3.70129 -3.81504 -3.92207 -4.01936 -4.10318 -4.16891 -4.21094 -4.22242 -4.1951 -4.11923 -3.98343 -3.77479 -3.4792 -3.08197 -2.569 -1.92844 -1.15287 -0.241702 0.79648 1.94249 3.1665 4.42992 5.68904 6.89977 8.02233 9.0248 9.88484 10.5895 11.1335 11.5169 11.7423 11.8131 11.7318 11.4999 11.1181 10.5879 9.91395 9.10612 8.18241 7.17034 6.10705 5.03736 4.00989 3.07197 2.26436 1.61699 1.14643 0.855176 0.732598 0.756813 0.897196 1.11713 1.37691 1.63678 1.86 2.01573 2.0814 2.04431 1.90199 1.66146 1.33741
-3.29755 -3.42151 -3.54549 -3.66812 -3.78765 -3.90189 -4.00808 -4.1028 -4.1818 -4.23982 -4.27042 -4.26575 -4.21628 -4.11067 -3.93558 -3.67572 -3.31416 -2.83303 -2.21488 -1.44463 -0.512289 0.583907 1.83448 3.21663 4.69406 6.21923 7.73809 9.19614 10.5447 11.7452 12.7715 13.6094 14.2543 14.7076 14.9739 15.0579 14.9629 14.6902 14.24 13.6127 12.8122 11.8489 10.7432 9.52778 8.24774 6.95832 5.72002 4.59189 3.62477 2.85579 2.30518 1.97558 1.85324 1.9105 2.10883 2.40221 2.74065 3.07395 3.35564 3.54674 3.61901 3.55699 3.35863 3.03421 2.60385
-3.37329 -3.50012 -3.62655 -3.75103 -3.87157 -3.9857 -4.0903 -4.18153 -4.25459 -4.30357 -4.3212 -4.29859 -4.22498 -4.08744 -3.8707 -3.55714 -3.12706 -2.55943 -1.83341 -0.930608 0.161626 1.44639 2.91338 4.53618 6.27181 8.06344 9.84616 11.5547 13.1311 14.5303 15.7224 16.6924 17.4363 17.9576 18.263 18.3587 18.2489 17.9348 17.4157 16.6908 15.7631 14.6435 13.3545 11.9341 10.4356 8.92547 7.47672 6.16102 5.03995 4.15832 3.54023 3.18837 3.08554 3.19769 3.47752 3.86838 4.30852 4.73565 5.09189 5.32872 5.41119 5.32078 5.05621 4.63202 4.07521
-3.44761 -3.57706 -3.7056 -3.83148 -3.95246 -4.06577 -4.16793 -4.2546 -4.32044 -4.35887 -4.36179 -4.31934 -4.21952 -4.04796 -3.78763 -3.4188 -2.91927 -2.26519 -1.43266 -0.400328 0.846894 2.31329 3.98776 5.8404 7.82185 9.86636 11.8987 13.8432 15.6332 17.2176 18.5634 19.6547 20.4889 21.0715 21.4111 21.5157 21.3903 21.0361 20.4514 19.6344 18.5872 17.3207 15.8599 14.2477 12.5457 10.8312 9.18984 7.70571 6.4512 5.47875 4.81639 4.46685 4.40942 4.60338 4.99211 5.50746 6.07467 6.61783 7.06608 7.3599 7.45668 7.33453 6.99337 6.45311 5.74922
-3.52019 -3.65194 -3.78219 -3.90895 -4.02973 -4.14139 -4.24006 -4.32092 -4.37803 -4.40413 -4.39031 -4.32575 -4.19739 -3.98956 -3.68377 -3.25858 -2.68986 -1.95159 -1.01761 0.135618 1.52488 3.15516 5.01439 7.06951 9.26561 11.5293 13.7764 15.9228 17.8946 19.6354 21.1101 22.3023 23.2106 23.8425 24.2083 24.3177 24.1762 23.785 23.1418 22.2441 21.0931 19.7003 18.0928 16.3182 14.4455 12.562 10.7645 9.14881 7.79699 6.76869 6.09566 5.78079 5.80012 6.10645 6.63375 7.30191 8.02225 8.704 9.26188 9.62409 9.73949 9.58256 9.1549 8.48291 7.61208
