model/with_out_noise.grd
DSAA
101 101 
0 4000
0 4000
-5.130051e+00 6.700505e+01
[rows 58 to 86 of 101, columns 0 to 64 of 101]
-4.07742 -4.17711 -4.24992 -4.28521 -4.26926 -4.18466 -4.00939 -3.71599 -3.27068 -2.63265 -1.75379 -0.579236 0.950734 2.89688 5.31465 8.24519 11.7043 15.6712 20.0801 24.8183 29.7336 34.6509 39.3945 43.8109 47.7847 51.2466 54.1706 56.5656 58.4634 59.9078 60.9443 61.6134 61.9459 61.9603 61.6618 61.0426 60.0831 58.7549 57.0263 54.8694 52.2702 49.2405 45.8302 42.1359 38.3032 34.5188 30.9933 27.9366 25.5326 23.9179 23.169 23.2964 24.2455 25.8995 28.0857 30.5834 33.1371 35.4756 37.3374 38.4997 38.8056 38.1844 36.6572 34.3294 31.3693
-4.04035 -4.14169 -4.21771 -4.25828 -4.25041 -4.17757 -4.01887 -3.74828 -3.33376 -2.73661 -1.91121 -0.805554 0.636981 2.47398 4.758 7.528 10.7989 14.551 18.722 23.205 27.856 32.5091 36.9979 41.1769 44.937 48.2125 50.9786 53.2437 55.0382 56.4035 57.3828 58.0144 58.3279 58.3408 58.0582 57.4728 56.5663 55.3122 53.6806 51.6456 49.1945 46.339 43.1274 39.6519 36.0515 32.5044 29.2113 26.3722 24.1628 22.7136 22.0979 22.3257 23.3444 25.0411 27.2481 29.7506 32.2994 34.6292 36.4839 37.6453 37.9599 37.3588 35.8638 33.5797 30.6729
-4.00035 -4.10365 -4.18339 -4.23008 -4.23156 -4.17236 -4.03298 -3.78914 -3.41101 -2.86263 -2.10169 -1.08007 0.2545 1.95498 4.0695 6.6335 9.66012 13.1306 16.987 21.1308 25.4293 29.73 33.8799 37.7451 41.2249 44.2581 46.8213 48.9216 50.5865 51.8535 52.7623 53.3484 53.6388 53.65 53.387 52.8433 52.0026 50.841 49.3321 47.453 45.1934 42.5662 39.6173 36.4341 33.1463 29.9198 26.9412 24.3968 22.4499 21.2229 20.7846 21.145 22.2542 24.0051 26.237 28.7433 31.2829 33.5987 35.4417 36.5997 36.9235 36.3466 34.8917 32.6623 29.8225
-3.95744 -4.06293 -4.14682 -4.20032 -4.21221 -4.16822 -4.05047 -3.8367 -3.49968 -3.00671 -2.31945 -1.3945 -0.184995 1.3563 3.27192 5.59271 8.32938 11.4641 14.9441 18.6811 22.5564 26.434 30.1776 33.6674 36.8129 39.5585 41.882 43.7887 45.3019 46.4547 47.2821 47.8157 48.0797 48.0891 47.8487 47.3533 46.5889 45.5352 44.1699 42.4744 40.4417 38.0861 35.4516 32.6191 29.7073 26.8671 24.2675 22.0774 20.4455 19.4837 19.2554 19.7705 20.983 22.7925 25.0476 27.5515 30.0735 32.3664 34.1904 35.3406 35.6732 35.1249 33.7187 31.5567 28.7998
-3.91162 -4.01945 -4.10777 -4.16856 -4.1916 -4.16398 -4.06954 -3.88827 -3.59582 -3.16308 -2.55615 -1.7369 -0.66448 0.701882 2.39844 4.45089 6.86718 9.6304 12.6938 15.9802 19.3866 22.7955 26.0889 29.1631 31.9387 34.3664 36.4254 38.1187 39.4652 40.4926 41.2307 41.7068 41.9419 41.9493 41.7337 41.2911 40.6104 39.6751 38.4678 36.9744 35.1921 33.1364 30.8493 28.4045 25.9084 23.4948 21.3134 19.5134 18.2269 17.554 17.5521 18.2307 19.5482 21.4122 23.6813 26.1706 28.6615 30.9187 32.7133 33.8493 34.1894 33.6737 32.3259 30.2457 27.5897
-3.86286 -3.97307 -4.06594 -4.13425 -4.16887 -4.15826 -4.08808 -3.9407 -3.69475 -3.3249 -2.80188 -2.09305 -1.16382 0.0199115 1.48796 3.26077 5.34354 7.72052 10.3512 13.1698 16.0896 19.0122 21.8384 24.4808 26.8718 28.9686 30.752 32.2226 33.395 34.2913 34.9361 35.352 35.5568 35.5622 35.3723 34.9849 34.3914 33.5796 32.5367 31.2538 29.7315 27.9869 26.0594 24.0152 21.9478 19.9733 18.2211 16.8201 15.885 15.5034 15.7263 16.5626 17.975 19.8796 22.146 24.6022 27.0435 29.2483 31 32.1133 32.4585 31.9796 30.7004 28.7176 26.1821
-3.81112 -3.92363 -4.021 -4.09683 -4.14306 -4.14956 -4.10382 -3.99058 -3.79147 -3.48492 -3.04623 -2.44817 -1.66223 -0.660746 0.579934 2.07535 3.82828 5.82433 8.02911 10.3881 12.8305 15.2756 17.6428 19.8603 21.8722 23.6417 25.1517 26.4008 27.3995 28.1648 28.716 29.0715 29.2458 29.2489 29.0848 28.7523 28.2459 27.557 26.6774 25.6026 24.3368 22.8978 21.3222 19.6687 18.0179 16.4685 15.1301 14.1119 13.5112 13.4034 13.8328 14.8071 16.2935 18.2161 20.4563 22.8558 25.2247 27.3567 29.0497 30.1302 30.4771 30.0386 28.8386 26.9695 24.5751
-3.75639 -3.871 -3.97264 -4.05573 -4.11323 -4.13641 -4.11455 -4.03463 -3.8812 -3.63623 -3.27935 -2.78839 -2.14044 -1.31372 -0.290062 0.9418 2.38271 4.01982 5.82461 7.75304 9.7484 11.7467 13.6839 15.5024 17.1569 18.617 19.8673 20.9052 21.7374 22.3766 22.8375 23.1345 23.2792 23.2798 23.1403 22.8607 22.4376 21.8661 21.1419 20.2642 19.2398 18.087 16.8395 15.5481 14.2813 13.1218 12.1607 11.4888 11.1874 11.3198 11.9238 13.0058 14.5365 16.4483 18.6338 20.949 23.2201 25.2573 26.8741 27.9104 28.2548 27.86 26.7493 25.0099 22.777
-3.69867 -3.81506 -3.9206 -4.01044 -4.07855 -4.11752 -4.11826 -4.06992 -3.95968 -3.77279 -3.49278 -3.10197 -2.58243 -1.91742 -1.09346 -0.102726 1.05424 2.36628 3.81023 5.35126 6.94508 8.54203 10.0923 11.5508 12.8818 14.0603 15.0732 15.9168 16.5952 17.1173 17.4939 17.736 17.8528 17.8509 17.7341 17.5034 17.1573 16.6938 16.1117 15.4133 14.6072 13.7115 12.7563 11.7856 10.8566 10.0377 9.40343 9.02809 8.97859 9.30723 10.0453 11.1977 12.7382 14.6066 16.7069 18.9091 21.0562 22.976 24.4991 25.4799 25.8171 25.4684 24.4562 22.8612 20.8083
-3.63797 -3.75577 -3.86467 -3.96057 -4.03836 -4.0918 -4.11336 -4.09408 -4.02352 -3.88984 -3.67994 -3.38002 -2.97632 -2.45631 -1.81023 -1.03293 -0.125781 0.90175 2.03126 3.23573 4.48126 5.73006 6.94414 8.08906 9.13688 10.0678 10.8705 11.5412 12.0819 12.4985 12.7989 12.991 13.0822 13.0777 12.9812 12.7942 12.5169 12.1495 11.693 11.152 10.536 9.86241 9.15789 8.45973 7.81543 7.28072 6.91596 6.78124 6.93072 7.40688 8.23497 9.41806 10.9326 12.7251 14.7102 16.7723 18.7712 20.5531 21.9663 22.8809 23.2063 22.9054 21.9988 20.5601 18.7024
-3.57438 -3.69311 -3.80476 -3.90587 -3.99217 -4.0585 -4.09867 -4.10541 -4.07035 -3.98409 -3.83643 -3.61674 -3.31468 -2.92105 -2.42895 -1.83518 -1.1415 -0.355727 0.507783 1.42845 2.38077 3.33647 4.2671 5.1467 5.95394 6.67328 7.29539 7.81649 8.23729 8.56153 8.79467 8.94262 9.01084 9.0038 8.92469 8.7756 8.55793 8.27324 7.92441 7.51708 7.06126 6.57299 6.07565 5.60056 5.18667 4.87904 4.72607 4.77577 5.07142 5.64685 6.52185 7.69762 9.15272 10.8397 12.6836 14.5826 16.4133 18.0405 19.331 20.1706 20.4802 20.2274 19.431 18.1565 16.5044
-3.50801 -3.62716 -3.74086 -3.84624 -3.93976 -4.0172 -4.07354 -4.10295 -4.0988 -4.05375 -3.95992 -3.8093 -3.59419 -3.30795 -2.94583 -2.50593 -1.99008 -1.40459 -0.760466 -0.0731316 0.638513 1.35361 2.05118 2.71195 3.31985 3.86293 4.33364 4.72853 5.04748 5.29277 5.46813 5.57783 5.62603 5.61638 5.55182 5.43469 5.26716 5.05176 4.79237 4.49524 4.17017 3.8317 3.49993 3.20093 2.9664 2.83247 2.83759 3.01975 3.41303 4.04386 4.92715 6.06233 7.4297 8.98745 10.6701 12.3892 14.0379 15.4993 16.6586 17.4174 17.7078 17.5022 16.8173 15.71 14.2677
-3.43905 -3.55807 -3.67309 -3.78172 -3.8811 -3.96778 -4.03774 -4.08637 -4.10845 -4.09831 -4.04996 -3.95739 -3.81496 -3.61793 -3.36307 -3.04932 -2.67839 -2.25525 -1.78818 -1.28859 -0.770314 -0.248526 0.261485 0.74559 1.19186 1.59125 1.9378 2.2285 2.46284 2.64214 2.7689 2.84621 2.87726 2.86504 2.81223 2.72131 2.59481 2.43585 2.24877 2.03992 1.81852 1.59742 1.3937 1.22885 1.12846 1.12128 1.23763 1.50722 1.95649 2.60564 3.46534 4.53346 5.79186 7.20382 8.71273 10.2429 11.7031 12.9941 14.0188 14.6942 14.9632 14.8027 14.2271 13.2847 12.0498
-3.36769 -3.48605 -3.60164 -3.71254 -3.81639 -3.91045 -3.99151 -4.05594 -4.09969 -4.11842 -4.10759 -4.06274 -3.97976 -3.85529 -3.68715 -3.47478 -3.21968 -2.92564 -2.59882 -2.24754 -1.88179 -1.5125 -1.1507 -0.8066 -0.488951 -0.20451 0.0421392 0.248509 0.413928 0.539133 0.625822 0.67624 0.692853 0.678145 0.63454 0.564494 0.470712 0.356519 0.226346 0.0862949 -0.0552662 -0.187177 -0.29512 -0.361537 -0.365925 -0.285582 -0.0968319 0.223299 0.695001 1.33327 2.14528 3.12757 4.26349 5.52103 6.85178 8.19171 9.4644 10.5871 11.4791 12.0719 12.3184 12.1997 11.7278 10.9429 9.90671
-3.29421 -3.41137 -3.52683 -3.63899 -3.746 -3.84564 -3.93539 -4.0124 -4.07356 -4.11555 -4.13495 -4.12846 -4.09311 -4.0265 -3.92715 -3.7948 -3.63066 -3.43756 -3.22001 -2.984 -2.73666 -2.48579 -2.23923 -2.00431 -1.78736 -1.59334 -1.4257 -1.28642 -1.17615 -1.09448 -1.04024 -1.01176 -1.0071 -1.02418 -1.06082 -1.11467 -1.18305 -1.26267 -1.34925 -1.43717 -1.51904 -1.58534 -1.62419 -1.6214 -1.56067 -1.42422 -1.19374 -0.851705 -0.382995 0.223172 0.971106 1.85642 2.86391 3.96588 5.12143 6.27721 7.37012 8.33235 9.09826 9.61227 9.83632 9.75525 9.37877 8.73952 7.88778
-3.2189 -3.33437 -3.449 -3.56153 -3.67044 -3.774 -3.87021 -3.95686 -4.03155 -4.09176 -4.13492 -4.15859 -4.16059 -4.13922 -4.09346 -4.02318 -3.9293 -3.81389 -3.6802 -3.53247 -3.37574 -3.21551 -3.05729 -2.90629 -2.76701 -2.64303 -2.53691 -2.45014 -2.38327 -2.33605 -2.30764 -2.29676 -2.30186 -2.32115 -2.35272 -2.39437 -2.44356 -2.49719 -2.55132 -2.60091 -2.63959 -2.65934 -2.65046 -2.60156 -2.49979 -2.33138 -2.08231 -1.73942 -1.29164 -0.731552 -0.0570387 0.726909 1.60657 2.55824 3.54775 4.53125 5.45748 6.27182 6.92177 7.36309 7.56561 7.51735 7.22601 6.71752 6.03201
-3.14205 -3.25538 -3.36858 -3.48063 -3.59033 -3.6963 -3.79697 -3.89063 -3.97544 -4.04946 -4.11078 -4.15757 -4.18824 -4.20153 -4.19674 -4.17377 -4.13329 -4.07678 -4.00651 -3.92545 -3.83711 -3.74531 -3.6539 -3.5665 -3.48629 -3.4158 -3.35686 -3.31056 -3.2773 -3.2569 -3.24872 -3.25173 -3.26466 -3.28599 -3.31402 -3.34676 -3.38189 -3.41657 -3.44728 -3.46965 -3.47824 -3.46644 -3.42639 -3.34904 -3.22437 -3.0418 -2.79077 -2.46155 -2.04626 -1.54007 -0.942487 -0.25878 0.498839 1.31029 2.14741 2.9746 3.75085 4.43284 4.97927 5.35552 5.53807 5.51758 5.30003 4.90565 4.36582
-3.06402 -3.17481 -3.28603 -3.39686 -3.50634 -3.61339 -3.71678 -3.81517 -3.90714 -3.99122 -4.06595 -4.12996 -4.18207 -4.22134 -4.24724 -4.25968 -4.2591 -4.24652 -4.22349 -4.19205 -4.15462 -4.11379 -4.0722 -4.03236 -3.99644 -3.9662 -3.9429 -3.9273 -3.91965 -3.91978 -3.92716 -3.94096 -3.96008 -3.98324 -4.00895 -4.03542 -4.06058 -4.08193 -4.09638 -4.1002 -4.08887 -4.05697 -3.99822 -3.9055 -3.77108 -3.58693 -3.3452 -3.03885 -2.66245 -2.21312 -1.6915 -1.10285 -0.45786 0.226651 0.927714 1.61685 2.26163 2.82823 3.28459 3.60405 3.76853 3.77086 3.61557 3.31815 2.90277
-2.98513 -3.09304 -3.20181 -3.31078 -3.41919 -3.52618 -3.63078 -3.73196 -3.8286 -3.91958 -4.00378 -4.08017 -4.14782 -4.20604 -4.25439 -4.29276 -4.32142 -4.34103 -4.35261 -4.35753 -4.3574 -4.35396 -4.34899 -4.34417 -4.34095 -4.34052 -4.34371 -4.351 -4.36253 -4.3781 -4.39724 -4.41924 -4.44318 -4.46796 -4.49224 -4.5145 -4.5329 -4.54527 -4.54898 -4.54089 -4.51728 -4.4738 -4.40544 -4.3067 -4.17167 -3.99434 -3.76895 -3.49055 -3.15556 -2.76249 -2.31272 -1.81125 -1.26734 -0.694892 -0.112418 0.457539 0.989676 1.45786 1.83757 2.10851 2.25695 2.27744 2.17336 1.95639 1.64486
-2.9057 -3.01045 -3.11638 -3.22296 -3.32957 -3.43554 -3.54011 -3.64245 -3.74171 -3.837 -3.92746 -4.01228 -4.09076 -4.16232 -4.2266 -4.28347 -4.33305 -4.37573 -4.41215 -4.4432 -4.46991 -4.49342 -4.51489 -4.5354 -4.5559 -4.57714 -4.59965 -4.62369 -4.64928 -4.67621 -4.70405 -4.73217 -4.75978 -4.78592 -4.80945 -4.82904 -4.84311 -4.8498 -4.84691 -4.83184 -4.80157 -4.75262 -4.6811 -4.58275 -4.45313 -4.2878 -4.08263 -3.83423 -3.54037 -3.20054 -2.81652 -2.39293 -1.93765 -1.46204 -0.98087 -0.511806 -0.0743851 0.31143 0.62706 0.857216 0.991598 1.02608 0.963138 0.811459 0.584779
-2.82607 -2.92744 -3.03021 -3.13395 -3.23818 -3.34235 -3.44586 -3.54805 -3.64824 -3.74575 -3.83989 -3.93001 -4.01556 -4.09606 -4.17119 -4.24078 -4.30485 -4.36359 -4.41738 -4.46674 -4.51232 -4.55481 -4.59494 -4.63337 -4.67069 -4.70734 -4.74361 -4.7796 -4.81524 -4.85031 -4.88439 -4.91694 -4.94727 -4.97454 -4.99777 -5.01582 -5.02735 -5.0308 -5.02433 -5.00584 -4.97289 -4.92275 -4.8524 -4.75861 -4.63808 -4.48757 -4.3042 -4.08572 -3.83087 -3.53979 -3.21443 -2.85892 -2.47987 -2.08647 -1.69042 -1.30541 -0.946398 -0.628511 -0.365702 -0.169389 -0.0472527 -0.0023936 -0.0330286 -0.132773 -0.291448
-2.74653 -2.84435 -2.94372 -3.04429 -3.14566 -3.24741 -3.34903 -3.45002 -3.54982 -3.64788 -3.74365 -3.83662 -3.92631 -4.01232 -4.09437 -4.17224 -4.24589 -4.31537 -4.38084 -4.44261 -4.50101 -4.55646 -4.60936 -4.66009 -4.70898 -4.75623 -4.80198 -4.84622 -4.88881 -4.9295 -4.9679 -5.00354 -5.03579 -5.06394 -5.08716 -5.10446 -5.11473 -5.11666 -5.10876 -5.08933 -5.05643 -5.00793 -4.94153 -4.8548 -4.74531 -4.61076 -4.44919 -4.25918 -4.04014 -3.79259 -3.51849 -3.22146 -2.90696 -2.58238 -2.25687 -1.94099 -1.64611 -1.3836 -1.16388 -0.99543 -0.88394 -0.831737 -0.837562 -0.896769 -1.00189
-2.66738 -2.76153 -2.85732 -2.95445 -3.05261 -3.15145 -3.25055 -3.34951 -3.44788 -3.5452 -3.64103 -3.73493 -3.82651 -3.91541 -4.00137 -4.08416 -4.16367 -4.23985 -4.31275 -4.38246 -4.44917 -4.51304 -4.57429 -4.63309 -4.68956 -4.7438 -4.79578 -4.84543 -4.89257 -4.93693 -4.97815 -5.01579 -5.04932 -5.07812 -5.10148 -5.11856 -5.12844 -5.13005 -5.12217 -5.10345 -5.07237 -5.02728 -4.96644 -4.88806 -4.79038 -4.67179 -4.53101 -4.36719 -4.1802 -3.97078 -3.74076 -3.49326 -3.23275 -2.9651 -2.69745 -2.43786 -2.19496 -1.97723 -1.79243 -1.64681 -1.5446 -1.48754 -1.47475 -1.50289 -1.56651
-2.58886 -2.67928 -2.77136 -2.86488 -2.95957 -3.05513 -3.15124 -3.24754 -3.34368 -3.43928 -3.53395 -3.62734 -3.7191 -3.80892 -3.89652 -3.9817 -4.06428 -4.14416 -4.22128 -4.29564 -4.36727 -4.4362 -4.5025 -4.56619 -4.62729 -4.68577 -4.74154 -4.79445 -4.84431 -4.89085 -4.93372 -4.97253 -5.00681 -5.03603 -5.05958 -5.07677 -5.08683 -5.08888 -5.08196 -5.06498 -5.03678 -4.99609 -4.94161 -4.87203 -4.7861 -4.68275 -4.56113 -4.42084 -4.26201 -4.08546 -3.89287 -3.68686 -3.47106 -3.25011 -3.02952 -2.81547 -2.61442 -2.43272 -2.27611 -2.14921 -2.05513 -1.99519 -1.9688 -1.97357 -2.00555
-2.51122 -2.59787 -2.68619 -2.77597 -2.86701 -2.95904 -3.0518 -3.145 -3.23832 -3.33146 -3.42408 -3.51588 -3.60654 -3.69579 -3.78336 -3.86904 -3.95263 -4.03399 -4.11299 -4.18955 -4.26361 -4.33512 -4.40403 -4.47028 -4.5338 -4.59449 -4.65221 -4.70678 -4.75798 -4.80555 -4.84917 -4.88849 -4.92309 -4.95252 -4.97625 -4.99372 -5.00429 -5.00725 -5.00182 -4.98718 -4.9624 -4.92655 -4.87865 -4.81777 -4.74304 -4.65374 -4.54939 -4.42984 -4.29538 -4.14684 -3.9857 -3.81415 -3.63511 -3.45222 -3.26973 -3.09232 -2.92487 -2.77209 -2.63823 -2.5267 -2.4398 -2.37854 -2.34252 -2.33005 -2.33831
-2.43465 -2.51755 -2.60208 -2.68807 -2.77534 -2.86368 -2.95286 -3.04263 -3.13272 -3.22287 -3.31279 -3.40221 -3.49085 -3.57845 -3.66476 -3.74957 -3.83267 -3.91388 -3.99304 -4.07003 -4.14471 -4.21697 -4.28671 -4.3538 -4.41812 -4.47953 -4.53784 -4.59288 -4.6444 -4.69215 -4.73584 -4.77515 -4.80972 -4.83915 -4.86301 -4.88082 -4.89206 -4.89616 -4.89251 -4.88046 -4.8593 -4.82835 -4.78688 -4.73423 -4.66983 -4.59321 -4.50413 -4.4026 -4.28899 -4.16411 -4.02921 -3.8861 -3.73712 -3.58511 -3.43335 -3.28539 -3.14487 -3.01531 -2.89985 -2.80101 -2.72051 -2.65911 -2.61657 -2.5917 -2.58248
-2.35935 -2.43852 -2.51928 -2.60147 -2.68493 -2.76949 -2.85494 -2.94107 -3.02765 -3.11445 -3.20121 -3.2877 -3.37365 -3.45884 -3.54302 -3.62598 -3.70751 -3.78741 -3.86551 -3.94163 -4.01563 -4.08734 -4.15662 -4.22332 -4.28728 -4.34831 -4.40624 -4.46085 -4.51193 -4.55923 -4.60247 -4.64138 -4.67563 -4.70489 -4.72879 -4.74693 -4.75889 -4.76421 -4.76241 -4.75298 -4.73541 -4.70916 -4.67374 -4.62867 -4.57358 -4.5082 -4.43242 -4.34638 -4.25047 -4.14541 -4.03227 -3.91254 -3.78807 -3.66108 -3.53408 -3.40976 -3.29085 -3.17998 -3.07948 -2.99121 -2.91646 -2.85581 -2.80913 -2.7756 -2.75379
-2.28546 -2.36098 -2.438 -2.51641 -2.59607 -2.67681 -2.75846 -2.84084 -2.92374 -3.00696 -3.09027 -3.17345 -3.25627 -3.33852 -3.41996 -3.50039 -3.57959 -3.65737 -3.73354 -3.8079 -3.8803 -3.95054 -4.01846 -4.08389 -4.14664 -4.20652 -4.26336 -4.31692 -4.36701 -4.41339 -4.45581 -4.49401 -4.52772 -4.55665 -4.58048 -4.59889 -4.61153 -4.61804 -4.61803 -4.61113 -4.59694 -4.57507 -4.54517 -4.50692 -4.46009 -4.40453 -4.34024 -4.2674 -4.18639 -4.09786 -4.00272 -3.90215 -3.79763 -3.69089 -3.58385 -3.47855 -3.37704 -3.28128 -3.19301 -3.11362 -3.04408 -2.98483 -2.93583 -2.89651 -2.86586
-2.21312 -2.28505 -2.35842 -2.43311 -2.509 -2.58594 -2.66378 -2.74236 -2.8215 -2.90101 -2.98069 -3.06033 -3.13974 -3.2187 -3.29701 -3.37445 -3.45082 -3.52593 -3.59958 -3.67158 -3.74174 -3.80988 -3.87581 -3.93935 -4.00032 -4.05852 -4.11377 -4.16585 -4.21456 -4.25968 -4.30099 -4.33827 -4.37125 -4.39971 -4.42336 -4.44195 -4.45519 -4.46278 -4.46444 -4.45987 -4.44877 -4.43087 -4.40592 -4.3737 -4.33409 -4.28702 -4.23255 -4.17088 -4.10238 -4.0276 -3.94729 -3.86242 -3.77414 -3.68381 -3.5929 -3.50295 -3.41551 -3.33206 -3.25388 -3.18203 -3.11722 -3.05984 -3.00987 -2.96693 -2.93034
